#名前,"性別(0=両,1=男,2=女)","タイプ(0=両方,1=剣士,2=ガンナー)",レア度,スロット数,入手時期／集☆（99=集入手不可）,入手時期／村☆（99=村入手不可）,入手時期集村(0=or/1=and),初期防御力,最終防御力,火耐性,水耐性,雷耐性,氷耐性,龍耐性,スキル系統1,スキル値1,スキル系統2,スキル値2,スキル系統3,スキル値3,スキル系統4,スキル値4,スキル系統5,スキル値5,生産素材1,個数,生産素材2,個数,生産素材3,個数,生産素材4,個数
レザーベルト,0,0,1,2,1,1,0,1,25,0,0,0,0,0,採取,2,,,,,,,,,暖かい毛皮,1,鉄鉱石,1,,,,
チェーンベルト,0,0,1,1,1,1,0,2,26,0,0,1,0,0,野草知識,2,,,,,,,,,鉄鉱石,1,暖かい毛皮,2,,,,
ベルダーベルト,0,0,1,1,1,1,0,2,26,0,1,0,0,0,笛,6,,,,,,,,,暖かい毛皮,1,セッチャクロアリ,2,,,,
ハントフォールド,0,1,1,1,99,2,0,2,50,1,0,0,0,0,高速設置,3,,,,,,,,,鉄鉱石,1,暖かい毛皮,2,,,,
ハントコート,0,2,1,1,99,2,0,1,25,2,0,0,0,0,高速設置,3,,,,,,,,,鉄鉱石,1,暖かい毛皮,2,,,,
マフモフコート,0,0,1,1,99,2,0,2,26,-1,0,0,2,0,耐寒,2,,,,,,,,,暖かい毛皮,2,ギアノスの皮,1,,,,
ユクモノオビ,0,0,1,1,99,2,0,2,26,0,0,1,0,0,達人,2,,,,,,,,,ユクモの木,1,鉄鉱石,2,,,,
ロックラックコイル,0,0,1,0,1,1,0,2,26,1,0,0,0,2,運搬,3,耐暑,2,,,,,,,甲虫の腹袋,2,ジャギィの鱗,3,大地の結晶,2,,
ハンターフォールド,0,1,1,1,1,1,0,6,54,0,0,0,0,0,狩人,6,,,,,,,,,ファンゴの毛皮,3,鉄鉱石,1,セッチャクロアリ,1,,
ハンターコート,0,2,1,1,1,1,0,3,27,0,0,0,0,0,狩人,6,,,,,,,,,ファンゴの毛皮,3,鉄鉱石,1,セッチャクロアリ,1,,
ボーンフォールド,0,1,1,2,1,1,0,6,54,0,0,0,-1,0,KO,2,,,,,,,,,獣骨,3,なぞの骨,2,ブランゴの毛,1,,
ボーンコート,0,2,1,2,1,1,0,3,27,0,0,0,-1,0,KO,1,,,,,,,,,獣骨,3,なぞの骨,2,ブランゴの毛,1,,
スキンライトベルト,0,0,1,1,1,1,0,5,29,0,0,0,0,0,睡眠,8,,,,,,,,,暖かい毛皮,2,甲虫の腹袋,3,,,,
アイアンベルト,0,0,1,1,1,1,0,5,29,0,0,3,0,0,対防御DOWN,8,,,,,,,,,鉄鉱石,2,暖かい毛皮,1,ハリマグロ,2,,
ジャギィフォールド,0,1,1,1,1,1,0,6,54,-2,0,0,0,0,攻撃,4,防御,-2,,,,,,,ジャギィの皮,3,ジャギィの鱗,3,竜骨【小】,4,円盤石,2
ジャギィコート,0,2,1,1,1,1,0,3,27,-2,0,0,0,0,攻撃,4,防御,-2,,,,,,,ジャギィの皮,3,ジャギィの鱗,3,竜骨【小】,4,円盤石,2
マッカォフォールド,0,1,1,1,1,1,0,8,56,-2,0,0,0,0,減気攻撃,2,,,,,,,,,マッカォの鱗,4,マッカォの皮,3,キラビートル,3,,
マッカォコート,0,2,1,1,1,1,0,4,28,-2,1,1,1,1,減気攻撃,2,,,,,,,,,マッカォの鱗,4,マッカォの皮,3,キラビートル,3,,
ランポスフォールド,0,1,1,1,1,2,0,8,56,0,0,0,-2,0,水属性攻撃,4,,,,,,,,,ランポスの鱗,3,ランポスの皮,2,ファンゴの毛皮,1,大地の結晶,2
ランポスコート,0,2,1,1,1,2,0,4,28,0,1,1,-2,0,水属性攻撃,4,,,,,,,,,ランポスの鱗,3,ランポスの皮,2,ファンゴの毛皮,1,大地の結晶,2
ギアノスフォールド,0,1,1,1,1,2,0,8,56,0,0,-1,2,0,だるま,5,睡眠,-5,,,,,,,ギアノスの皮,3,ギアノスの鱗,1,大地の結晶,2,ファンゴの毛皮,1
ギアノスコート,0,2,1,1,1,2,0,4,28,0,0,-1,3,0,だるま,4,睡眠,-5,,,,,,,ギアノスの皮,3,ギアノスの鱗,1,大地の結晶,2,ファンゴの毛皮,1
ゲネポスフォールド,0,1,1,2,1,2,0,10,58,0,0,1,-2,0,麻痺,2,毒,-2,,,,,,,ゲネポスの皮,4,ゲネポスの鱗,3,鉄鉱石,2,鳥竜種の牙,4
ゲネポスコート,0,2,1,2,1,2,0,5,29,1,0,2,-2,0,麻痺,1,毒,-2,,,,,,,ゲネポスの皮,4,ゲネポスの鱗,3,鉄鉱石,2,鳥竜種の牙,4
ランゴフォールド,0,1,1,0,2,3,0,10,58,-2,1,1,1,2,納刀,5,,,,,,,,,ランゴスタの甲殻,4,鉄鉱石,4,円盤石,3,,
ランゴコート,0,2,1,0,2,3,0,5,29,-2,2,2,2,3,納刀,5,,,,,,,,,ランゴスタの甲殻,4,鉄鉱石,4,円盤石,3,,
タロスフォールド,0,1,1,1,1,3,0,10,58,-1,-1,-1,-1,4,龍耐性,4,,,,,,,,,カンタロスの羽,2,カンタロスの甲殻,4,セッチャクロアリ,3,モンスターの体液,1
タロスコート,0,2,1,1,1,3,0,5,29,-1,-1,-1,-1,6,龍耐性,4,,,,,,,,,カンタロスの羽,2,カンタロスの甲殻,4,セッチャクロアリ,3,モンスターの体液,1
ブナハコイル,0,1,1,0,1,2,0,10,58,-2,0,0,0,2,特殊攻撃,3,火耐性,-2,,,,,,,飛甲虫の羽,3,飛甲虫の甲殻,2,モンスターの体液,1,キラビートル,2
ブナハコート,0,2,1,0,1,2,0,5,29,-2,1,1,1,3,特殊攻撃,3,火耐性,-2,,,,,,,飛甲虫の羽,3,飛甲虫の甲殻,2,モンスターの体液,1,キラビートル,2
モスヒップ,0,0,1,2,1,1,0,5,29,0,0,0,0,0,食いしん坊,1,,,,,,,,,モスの苔皮,1,ファンゴの毛皮,2,大猪の皮,1,セッチャクロアリ,1
リノプロコイル,0,1,1,1,1,2,0,12,60,2,0,0,-2,0,水属性攻撃,1,砲術,1,,,,,,,草食竜の甲殻,2,草食竜の頭殻,1,大地の結晶,2,,
リノプロコート,0,2,1,1,1,2,0,6,30,3,0,0,-2,0,水属性攻撃,1,砲術,1,,,,,,,草食竜の甲殻,2,草食竜の頭殻,1,大地の結晶,2,,
ファンゴフォールド,0,1,1,1,1,2,0,12,60,0,2,-2,1,0,底力,3,加護,-3,,,,,,,大猪の皮,3,大きな骨,3,鉄鉱石,5,,
ファンゴコート,0,2,1,1,1,2,0,6,30,0,3,-2,1,0,底力,3,加護,-3,,,,,,,大猪の皮,3,大きな骨,3,鉄鉱石,5,,
アシラフォールド,0,1,1,3,2,2,0,14,62,-2,0,-2,0,0,,,,,,,,,,,青熊獣の毛,2,青熊獣の甲殻,1,大きな骨,1,セッチャクロアリ,3
アシラコート,0,2,1,3,2,2,0,7,31,-2,0,-2,0,0,,,,,,,,,,,青熊獣の毛,2,青熊獣の甲殻,1,大きな骨,1,セッチャクロアリ,3
ガレオスフォールド,0,1,1,1,1,2,0,14,62,2,0,0,-3,0,耐暑,5,耐寒,-5,,,,,,,砂竜の鱗,5,砂竜の牙,2,竜骨【中】,2,ハレツアロワナ,5
ガレオスコート,0,2,1,1,1,2,0,7,31,2,0,0,-3,0,耐暑,5,耐寒,-5,,,,,,,砂竜の鱗,5,砂竜の牙,2,竜骨【中】,2,ハレツアロワナ,5
ブレイブベルト,0,0,2,1,99,4,0,8,33,0,0,0,0,0,火属性攻撃,3,乗り,2,,,,,,,ベルナチケット,1,ドラグライト鉱石,2,暖かい毛皮,1,ランポスの皮,2
アロイコイル,0,1,2,0,2,3,0,12,62,-1,0,-1,-1,0,風圧,3,,,,,,,,,ライトクリスタル,1,マカライト鉱石,2,鉄鉱石,3,,
アロイコート,0,2,2,0,2,3,0,6,31,-1,0,-1,-1,0,風圧,3,,,,,,,,,ライトクリスタル,1,マカライト鉱石,2,鉄鉱石,3,,
バトルフォールド,0,1,2,0,3,4,0,12,62,1,-1,-1,0,0,ガード性能,4,攻撃,2,,,,,,,翼蛇竜の皮,2,暖かい毛皮,2,ランポスの皮,3,大地の結晶,2
バトルコート,0,2,2,0,3,4,0,6,31,2,-1,-1,0,0,反動,4,攻撃,1,,,,,,,翼蛇竜の皮,2,暖かい毛皮,2,ランポスの皮,3,大地の結晶,2
インゴットコイル,0,1,2,2,3,4,0,14,64,-1,-1,1,0,0,風圧,1,氷属性攻撃,1,運気,-1,,,,,ドラグライト鉱石,4,紅蓮石,1,氷結晶,3,マカライト鉱石,5
インゴットコート,0,2,2,2,3,4,0,7,32,-1,-1,2,0,0,風圧,1,氷属性攻撃,1,運気,-1,,,,,ドラグライト鉱石,4,紅蓮石,1,氷結晶,3,マカライト鉱石,5
ハイメタフォールド,0,1,2,2,3,4,0,14,64,0,-1,2,-1,0,聴覚保護,2,加護,-1,,,,,,,ドラグライト鉱石,2,マカライト鉱石,5,鉄鉱石,2,とがった牙,2
ハイメタコート,0,2,2,2,3,4,0,7,32,0,-1,3,-1,0,聴覚保護,2,加護,-1,,,,,,,ドラグライト鉱石,2,マカライト鉱石,5,鉄鉱石,2,とがった牙,2
メルホアオッハ,0,1,2,2,1,3,0,12,62,0,1,1,0,0,採取,2,,,,,,,,,ドスビスカス,1,ライトクリスタル,1,不死虫,4,ネムリ草,2
メルホアブラット,0,2,2,2,1,3,0,6,31,0,1,1,0,0,採取,1,,,,,,,,,ドスビスカス,1,ライトクリスタル,1,不死虫,4,ネムリ草,2
マカルパコイル,0,1,2,1,1,2,0,14,64,1,2,-2,0,0,調合成功率,4,,,,,,,,,春夜鯉,1,砂竜の鱗,3,小金魚,2,調合書入門編,1
マカルパナジュワ,0,2,2,1,1,2,0,7,32,1,3,-2,0,0,調合成功率,3,,,,,,,,,春夜鯉,1,砂竜の鱗,3,小金魚,2,調合書入門編,1
ビストロサロン,0,1,2,1,2,3,0,12,62,3,1,0,2,0,食事,2,回復量,-1,,,,,,,ビストロチケット,1,ブヨブヨした皮,4,クーラーミート,10,,
ビストロエプロン,0,2,2,1,2,3,0,6,31,4,1,0,3,0,食事,1,回復量,-1,,,,,,,ビストロチケット,1,ブヨブヨした皮,4,クーラーミート,10,,
オウビートアンカ,1,1,2,0,2,4,0,18,68,2,-2,2,-2,3,体術,3,スタミナ,-2,,,,,,,オオツノアゲハ,1,ベアライト石,1,アルビノエキス,3,電気袋,1
オウビートコクサ,1,2,2,0,2,4,0,9,34,3,-2,2,-2,4,体術,3,スタミナ,-2,,,,,,,オオツノアゲハ,1,ベアライト石,1,アルビノエキス,3,電気袋,1
パピメルアンカ,2,1,2,0,2,4,0,18,68,2,-2,2,-2,3,体術,3,スタミナ,-2,,,,,,,オオツノアゲハ,1,ベアライト石,1,アルビノエキス,3,電気袋,1
パピメルコクサ,2,2,2,0,2,4,0,9,34,3,-2,2,-2,4,体術,3,スタミナ,-2,,,,,,,オオツノアゲハ,1,ベアライト石,1,アルビノエキス,3,電気袋,1
デスギアナーベル,0,1,2,0,2,3,0,16,66,2,1,1,-1,0,狂撃耐性,5,回避性能,-3,,,,,,,禍々しい布,1,イーオスの紫鱗,3,竜骨【大】,2,セッチャクロアリ,2
デスギアガイツ,0,2,2,0,2,3,0,8,33,3,1,1,-1,0,狂撃耐性,5,回避性能,-3,,,,,,,禍々しい布,1,イーオスの紫鱗,3,竜骨【大】,2,セッチャクロアリ,2
マギュルオッハ,1,1,2,2,2,3,0,14,64,-3,1,0,2,0,火属性攻撃,4,,,,,,,,,ペピポパンプキン,1,ベアライト石,3,ハリの実,10,霜ふり草,10
マギュルブラット,1,2,2,2,2,3,0,7,32,-3,2,0,3,0,火属性攻撃,3,,,,,,,,,ペピポパンプキン,1,ベアライト石,3,ハリの実,10,霜ふり草,10
エーデルオッハ,0,1,2,1,1,3,0,14,64,-1,3,-1,0,0,広域,4,,,,,,,,,星見の花,1,水袋,1,ツタの葉,8,ユクモの木,1
エーデルブラット,0,2,2,1,1,3,0,7,32,-1,4,-1,0,0,広域,4,,,,,,,,,星見の花,1,水袋,1,ツタの葉,8,ユクモの木,1
スカルダアンカ,1,1,2,0,1,1,0,18,68,3,-1,-1,-1,3,達人,3,特殊会心,3,攻撃,-2,,,,,毒クモリ,1,カンタロスの羽,3,毒袋,2,セッチャクロアリ,5
スカルダコクサ,1,2,2,0,1,1,0,9,34,4,-1,-1,-1,3,達人,3,特殊会心,3,攻撃,-2,,,,,毒クモリ,1,カンタロスの羽,3,毒袋,2,セッチャクロアリ,5
スパイオアンカ,2,1,2,0,1,1,0,18,68,3,-1,-1,-1,3,達人,3,特殊会心,3,攻撃,-2,,,,,毒クモリ,1,カンタロスの羽,3,毒袋,2,セッチャクロアリ,5
スパイオコクサ,2,2,2,0,1,1,0,9,34,4,-1,-1,-1,3,達人,3,特殊会心,3,攻撃,-2,,,,,毒クモリ,1,カンタロスの羽,3,毒袋,2,セッチャクロアリ,5
ドロスフォールド,0,1,2,2,1,3,0,12,62,-2,4,-1,0,0,節食,2,,,,,,,,,水生獣の皮,5,竜骨【小】,5,暖かい毛皮,3,とがった爪,3
ドロスコート,0,2,2,2,1,3,0,6,31,-2,5,-1,0,0,節食,2,,,,,,,,,水生獣の皮,5,竜骨【小】,5,暖かい毛皮,3,とがった爪,3
コトルフォールド,0,1,2,0,3,4,0,14,64,4,-2,0,-1,0,ガード強化,4,,,,,,,,,溶岩獣の鱗,4,マカライト鉱石,4,ドスヘラクレス,4,暖かい毛皮,2
コトルコート,0,2,2,0,3,4,0,7,32,5,-2,0,-1,0,変則射撃,4,,,,,,,,,溶岩獣の鱗,4,マカライト鉱石,4,ドスヘラクレス,4,暖かい毛皮,2
ムーファコイル,0,1,2,0,1,3,0,14,64,-1,0,2,3,0,雷属性攻撃,4,耐寒,2,,,,,,,雲羊鹿の角,1,雲羊鹿の毛玉,2,とがった爪,2,,
ムーファコート,0,2,2,0,1,3,0,7,32,-1,0,3,4,0,雷属性攻撃,4,耐寒,1,,,,,,,雲羊鹿の角,1,雲羊鹿の毛玉,2,とがった爪,2,,
ガブラスーツベルト,0,1,2,1,3,4,0,10,60,1,1,1,1,2,運気,2,加護,-2,,,,,,,縞模様の皮,5,キラビートル,2,マカライト鉱石,3,鳥竜種の牙,2
ガブラスーツバンド,0,2,2,1,3,4,0,5,30,1,1,1,1,3,運気,2,加護,-2,,,,,,,縞模様の皮,5,キラビートル,2,マカライト鉱石,3,鳥竜種の牙,2
イーオスフォールド,0,1,2,1,2,3,0,14,64,2,-1,-1,0,0,観察眼,2,毒,1,気絶,-1,,,,,イーオスの大皮,3,イーオスの紫鱗,2,イーオスの鱗,2,マカライト鉱石,3
イーオスコート,0,2,2,1,2,3,0,7,32,3,-1,-1,0,0,毒,1,観察眼,1,気絶,-1,,,,,イーオスの大皮,3,イーオスの紫鱗,2,イーオスの鱗,2,マカライト鉱石,3
クックフォールド,0,1,2,0,1,3,0,16,66,4,-1,0,-3,0,攻撃,2,防御,-2,,,,,,,怪鳥の鱗,2,怪鳥の甲殻,3,竜骨【中】,1,,
クックコート,0,2,2,0,1,3,0,8,33,5,-1,0,-3,0,攻撃,2,防御,-2,,,,,,,怪鳥の鱗,2,怪鳥の甲殻,3,竜骨【中】,1,,
ウルクフォールド,0,1,2,1,1,3,0,14,64,-3,1,0,4,0,回避性能,2,体力,-2,,,,,,,白兎獣の毛,3,白兎獣の氷爪,1,大きな骨,2,キラビートル,3
ウルクコート,0,2,2,1,1,3,0,7,32,-3,1,0,5,0,回避性能,2,体力,-2,,,,,,,白兎獣の毛,3,白兎獣の氷爪,1,大きな骨,2,キラビートル,3
ゲリョスフォールド,0,1,2,0,1,3,0,16,66,-3,1,4,-1,0,毒,3,スタミナ,3,腹減り,-3,,,,,毒怪鳥の翼膜,2,毒袋,3,大地の結晶,2,,
ゲリョスコート,0,2,2,0,1,3,0,8,33,-3,1,5,-1,0,毒,3,スタミナ,3,腹減り,-3,,,,,毒怪鳥の翼膜,2,毒袋,3,大地の結晶,2,,
カブラフォールド,0,1,2,1,1,3,0,18,68,2,-3,-1,0,1,耐震,3,睡眠,-3,,,,,,,鬼蛙の鱗,3,草食竜の頭殻,2,大きな骨,3,なぞの骨,4
カブラコート,0,2,2,1,1,3,0,9,34,3,-3,-1,0,1,耐震,3,睡眠,-3,,,,,,,鬼蛙の鱗,3,草食竜の頭殻,2,大きな骨,3,なぞの骨,4
ザザミフォールド,0,1,2,0,1,3,0,20,70,-1,3,-3,0,1,ガード性能,4,体術,-3,,,,,,,盾蟹の甲殻,3,盾蟹の小殻,2,とがった爪,4,竜骨【小】,5
ザザミコート,0,2,2,0,1,3,0,10,35,-1,4,-3,0,1,反動,4,装填速度,-3,,,,,,,盾蟹の甲殻,3,盾蟹の小殻,2,とがった爪,4,竜骨【小】,5
ラングロフォールド,0,1,2,1,3,4,0,18,68,2,-3,0,-1,1,細菌学,4,気力回復,-2,,,,,,,赤甲獣の甲殻,3,麻痺袋,4,モンスターの体液,1,紅蓮石,1
ラングロコート,0,2,2,1,3,4,0,9,34,3,-3,0,-1,1,細菌学,3,気力回復,-2,,,,,,,赤甲獣の甲殻,3,麻痺袋,4,モンスターの体液,1,紅蓮石,1
ルドロスフォールド,0,1,2,1,1,3,0,18,68,-3,4,-1,0,0,気力回復,4,回避性能,-3,,,,,,,水獣の鱗,3,未熟な海綿質,5,水獣の尻尾,1,キラビートル,2
ルドロスコート,0,2,2,1,1,3,0,9,34,-3,5,-1,0,0,気力回復,4,回避性能,-3,,,,,,,水獣の鱗,3,未熟な海綿質,5,水獣の尻尾,1,キラビートル,2
ホロロフォールド,0,1,2,0,2,4,0,18,68,-2,-2,1,1,0,睡眠,4,痛撃,2,,,,,,,夜鳥の翼膜,3,夜鳥の尾羽,2,鉄鉱石,5,睡眠袋,2
ホロロコート,0,2,2,0,2,4,0,9,34,-1,-2,1,1,0,睡眠,4,痛撃,2,,,,,,,夜鳥の翼膜,3,夜鳥の尾羽,2,鉄鉱石,5,睡眠袋,2
フルフルフォールド,0,1,2,0,2,3,0,18,68,-4,1,4,2,1,回復量,4,,,,,,,,,ブヨブヨした皮,2,鉄鉱石,8,ゴム質の皮,1,,
フルフルコート,0,2,2,0,2,3,0,9,34,-4,1,5,2,1,回復量,4,,,,,,,,,ブヨブヨした皮,2,鉄鉱石,8,ゴム質の皮,1,,
レイアフォールド,0,1,2,0,2,4,0,20,70,3,0,-2,0,-3,体力,2,回復量,2,回復速度,-2,,,,,雌火竜の翼膜,2,火炎袋,2,マカライト鉱石,5,ゲネポスの大皮,2
レイアコート,0,2,2,0,2,4,0,10,35,4,0,-2,0,-3,体力,2,回復量,1,回復速度,-2,,,,,雌火竜の翼膜,2,火炎袋,2,マカライト鉱石,5,ゲネポスの大皮,2
ハプルフォールド,0,1,2,2,2,3,0,20,70,2,0,-1,-3,1,食いしん坊,4,回復量,-1,,,,,,,潜口竜の皮,3,潜口竜の頭殻,1,竜骨【大】,3,甲虫の腹袋,4
ハプルコート,0,2,2,2,2,3,0,10,35,3,0,-1,-3,1,食いしん坊,4,回復量,-1,,,,,,,潜口竜の皮,3,潜口竜の頭殻,1,竜骨【大】,3,甲虫の腹袋,4
ブランゴフォールド,0,1,2,0,2,4,0,18,68,-4,1,0,4,0,氷属性攻撃,2,体術,2,スタミナ,-2,,,,,ブランゴの毛,4,獣骨,2,大きな骨,3,ベアライト石,4
ブランゴコート,0,2,2,0,2,4,0,9,34,-4,1,0,5,0,氷属性攻撃,2,体術,2,スタミナ,-2,,,,,ブランゴの毛,4,獣骨,2,大きな骨,3,ベアライト石,4
ギザミフォールド,0,1,2,0,2,4,0,20,70,1,2,-1,-1,0,達人,3,斬れ味,2,雷耐性,-2,,,,,鎌蟹の甲殻,2,鎌蟹の小殻,4,マカライト鉱石,2,キラビートル,1
ギザミコート,0,2,2,0,2,4,0,10,35,2,2,-1,-1,0,達人,3,弾薬節約,2,雷耐性,-2,,,,,鎌蟹の甲殻,2,鎌蟹の小殻,4,マカライト鉱石,2,キラビートル,1
ガララフォールド,0,1,2,1,2,4,0,20,70,1,-1,0,-3,1,捕獲,3,聴覚保護,1,加護,-1,,,,,絞蛇竜の甲殻,5,絞蛇竜の牙,4,絞蛇竜の皮,2,竜骨【大】,1
ガララコート,0,2,2,1,2,4,0,10,35,1,-1,1,-3,1,捕獲,2,聴覚保護,1,加護,-1,,,,,絞蛇竜の甲殻,5,絞蛇竜の牙,4,絞蛇竜の皮,2,竜骨【大】,1
ナルガフォールド,0,1,2,3,2,4,0,18,68,-2,1,-3,1,1,,,,,,,,,,,迅竜の黒毛,3,迅竜の尻尾,1,迅竜の鱗,3,キラビートル,6
ナルガコート,0,2,2,3,2,4,0,9,34,-2,1,-2,1,1,,,,,,,,,,,迅竜の黒毛,3,迅竜の尻尾,1,迅竜の鱗,3,キラビートル,6
サージュコイル,0,1,2,1,99,3,0,18,68,0,0,0,0,0,細菌学,3,捕獲,3,底力,-2,,,,,雲羊鹿の毛玉,3,首鳴竜の皮,1,ブヨブヨした皮,2,,
サージュコート,0,2,2,1,99,3,0,9,34,0,0,0,0,0,細菌学,3,捕獲,3,底力,-2,,,,,雲羊鹿の毛玉,3,首鳴竜の皮,1,ブヨブヨした皮,2,,
ヴァイクフォールド,0,1,3,2,3,5,0,20,70,0,3,-2,-1,0,爆弾強化,4,,,,,,,,,ヨロイシダイ,1,上竜骨,1,マカライト鉱石,2,眠魚,5
ヴァイクコート,0,2,3,2,3,5,0,10,35,0,4,-2,-1,0,爆弾強化,4,,,,,,,,,ヨロイシダイ,1,上竜骨,1,マカライト鉱石,2,眠魚,5
ロワーガアンカ,1,1,3,0,3,4,0,20,70,-2,0,3,-2,2,達人,5,気力回復,1,,,,,,,オオクワアゲハ,1,溶岩塊,1,ドスヘラクレス,2,ボンバッタ,10
ロワーガコクサ,1,2,3,0,3,4,0,10,35,-2,0,3,-2,3,達人,4,気力回復,1,,,,,,,オオクワアゲハ,1,溶岩塊,1,ドスヘラクレス,2,ボンバッタ,10
ファルメルアンカ,2,1,3,0,3,4,0,20,70,-2,0,3,-2,2,達人,5,気力回復,1,,,,,,,オオクワアゲハ,1,溶岩塊,1,ドスヘラクレス,2,ボンバッタ,10
ファルメルコクサ,2,2,3,0,3,4,0,10,35,-2,0,3,-2,3,達人,4,気力回復,1,,,,,,,オオクワアゲハ,1,溶岩塊,1,ドスヘラクレス,2,ボンバッタ,10
ガルルガフォールド,0,1,3,1,2,5,0,22,72,2,-1,2,0,0,剣術,2,聴覚保護,1,水耐性,-2,,,,,黒狼鳥の鱗,4,黒狼鳥の甲殻,5,キラビートル,2,竜骨【大】,2
ガルルガコート,0,2,3,1,2,5,0,11,36,3,-1,2,0,0,変則射撃,2,聴覚保護,1,水耐性,-2,,,,,黒狼鳥の鱗,4,黒狼鳥の甲殻,5,キラビートル,2,竜骨【大】,2
ガンキンフォールド,0,1,3,1,3,5,0,26,76,3,-4,0,-1,-2,裂傷,2,抜刀減気,2,,,,,,,爆鎚竜の耐熱殻,2,爆鎚竜の鱗,3,上竜骨,2,赤甲獣の甲殻,3
ガンキンコート,0,2,3,1,3,5,0,13,38,4,-4,0,-1,-2,裂傷,2,散弾強化,2,,,,,,,爆鎚竜の耐熱殻,2,爆鎚竜の鱗,3,上竜骨,2,赤甲獣の甲殻,3
レウスフォールド,0,1,3,2,3,5,0,24,74,4,0,-2,0,-4,攻撃,2,痛撃,2,,,,,,,火竜の翼膜,3,火竜の甲殻,3,竜骨【大】,3,紅蓮石,1
レウスコート,0,2,3,2,3,5,0,12,37,5,0,-2,0,-4,痛撃,2,攻撃,1,,,,,,,火竜の翼膜,3,火竜の甲殻,3,竜骨【大】,3,紅蓮石,1
ラギアフォールド,0,1,3,0,3,5,0,24,74,-3,2,4,-1,-2,気力回復,3,ガード性能,2,特殊攻撃,-2,,,,,海竜の角,1,海竜の背電殻,2,海竜の鱗,4,ドラグライト鉱石,4
ラギアコート,0,2,3,0,3,5,0,12,37,-3,2,5,-1,-2,貫通弾強化,2,気力回復,2,特殊攻撃,-2,,,,,海竜の角,1,海竜の背電殻,2,海竜の鱗,4,ドラグライト鉱石,4
ジンオウフォールド,0,1,3,0,3,6,0,22,72,0,-1,4,-4,1,属性会心,2,本気,2,氷耐性,-2,,,,,雷狼竜の甲殻,3,雷狼竜の帯電毛,2,雷狼竜の尻尾,1,大猪の皮,3
ジンオウコート,0,2,3,0,3,6,0,11,36,0,-1,5,-4,1,属性会心,2,本気,2,氷耐性,-2,,,,,雷狼竜の甲殻,3,雷狼竜の帯電毛,2,雷狼竜の尻尾,1,大猪の皮,3
ミツネフォールド,0,1,3,0,3,5,0,20,70,0,2,-3,1,-1,泡沫,2,腹減り,2,雷耐性,-2,,,,,泡狐竜の尻尾,1,泡狐竜の鱗,3,水袋,3,アルビノエキス,3
ミツネコート,0,2,3,0,3,5,0,10,35,0,2,-2,1,-1,泡沫,2,腹減り,2,雷耐性,-2,,,,,泡狐竜の尻尾,1,泡狐竜の鱗,3,水袋,3,アルビノエキス,3
ゼクスフォールド,0,1,3,0,3,5,0,24,74,0,-2,3,-3,2,気絶,2,連撃,2,氷耐性,-2,,,,,電竜の帯電膜,2,電竜の翼爪,4,圧電甲,4,雷光虫,5
ゼクスコート,0,2,3,0,3,5,0,12,37,0,-2,4,-3,2,気絶,2,連撃,2,氷耐性,-2,,,,,電竜の帯電膜,2,電竜の翼爪,4,圧電甲,4,雷光虫,5
ガムートフォールド,0,1,3,0,3,5,0,26,76,-3,1,-1,3,2,寒冷適応,3,野草知識,2,火耐性,-2,,,,,巨獣の毛,4,巨獣の牙,2,巨獣の赤毛,3,大猪の牙,4
ガムートコート,0,2,3,0,3,5,0,13,38,-3,1,-1,4,2,寒冷適応,2,野草知識,2,火耐性,-2,,,,,巨獣の毛,4,巨獣の牙,2,巨獣の赤毛,3,大猪の牙,4
ディノフォールド,0,1,3,1,3,6,0,24,74,3,-3,1,0,-1,剣術,3,研磨術,1,水耐性,-2,,,,,斬竜の尾刃片,3,斬竜の甲殻,2,斬竜の鱗,3,ドスヘラクレス,3
ディノコート,0,2,3,1,3,6,0,12,37,4,-3,1,0,-1,反動,3,研磨術,1,水耐性,-2,,,,,斬竜の尾刃片,3,斬竜の甲殻,2,斬竜の鱗,3,ドスヘラクレス,3
ゴアフォールド,0,1,3,1,3,6,0,24,74,-2,2,-1,2,-2,狂撃耐性,3,回避性能,1,ガード性能,-2,,,,,黒蝕竜の触角,1,黒蝕竜の暗翼,2,黒蝕竜の甲殻,4,キラビートル,3
ゴアコート,0,2,3,1,3,6,0,12,37,-2,3,-1,2,-2,狂撃耐性,3,回避性能,1,ガード性能,-2,,,,,黒蝕竜の触角,1,黒蝕竜の暗翼,2,黒蝕竜の甲殻,4,キラビートル,3
レギオスフォールド,0,1,3,2,3,6,0,24,74,2,0,-3,-2,0,抜刀会心,2,体術,1,スタミナ,-2,,,,,千刃竜の刃鱗,5,千刃竜の飛刃片,4,千刃竜の翼爪,3,砂竜のヒレ,4
レギオスコート,0,2,3,2,3,6,0,12,37,4,0,-3,-2,0,射法,2,体術,1,スタミナ,-2,,,,,千刃竜の刃鱗,5,千刃竜の飛刃片,4,千刃竜の翼爪,3,砂竜のヒレ,4
レックスフォールド,0,1,3,0,3,6,0,24,74,2,0,-3,0,-2,食事,3,聴覚保護,2,回復量,-2,,,,,轟竜の甲殻,4,轟竜の鱗,4,上竜骨,2,キラビートル,2
レックスコート,0,2,3,0,3,6,0,12,37,4,0,-3,0,-2,食事,3,聴覚保護,2,回復量,-2,,,,,轟竜の甲殻,4,轟竜の鱗,4,上竜骨,2,キラビートル,2
キリンフープ,0,1,3,0,3,6,0,26,76,-1,-1,3,0,2,加護,3,属性攻撃,1,効果持続,-2,,,,,キリンの皮,1,キリンの雷角,2,ゴム質の皮,2,電気袋,3
キリンショルト,0,2,3,0,3,6,0,13,38,-1,-1,4,0,2,加護,2,属性攻撃,1,効果持続,-2,,,,,キリンの皮,1,キリンの雷角,2,ゴム質の皮,2,電気袋,3
ブラキフォールド,0,1,3,0,3,6,0,24,74,2,-4,0,-2,0,闘魂,3,細菌学,1,乗り,-2,,,,,砕竜の黒曜甲,2,砕竜の尻尾,1,砕竜の甲殻,4,カワズの油,2
ブラキコート,0,2,3,0,3,6,0,12,37,2,-3,0,-2,0,闘魂,3,細菌学,1,乗り,-2,,,,,砕竜の黒曜甲,2,砕竜の尻尾,1,砕竜の甲殻,4,カワズの油,2
アークフォールド,1,1,3,2,3,6,0,26,76,-2,2,0,2,-4,無傷,2,匠,1,,,,,,,天廻龍の角,1,天廻龍の虹翼,2,天廻龍の甲殻,4,ライトクリスタル,2
アークコート,1,2,3,1,3,6,0,13,38,-2,2,0,2,-3,無傷,2,,,,,,,,,天廻龍の角,1,天廻龍の虹翼,2,天廻龍の甲殻,4,ライトクリスタル,2
フィリアフォールド,2,1,3,2,3,6,0,26,76,-2,2,0,2,-4,無傷,2,匠,1,,,,,,,天廻龍の角,1,天廻龍の虹翼,2,天廻龍の甲殻,4,ライトクリスタル,2
フィリアコート,2,2,3,1,3,6,0,13,38,-2,2,0,2,-3,無傷,2,,,,,,,,,天廻龍の角,1,天廻龍の虹翼,2,天廻龍の甲殻,4,ライトクリスタル,2
クシャナアンダ,0,1,3,0,3,99,0,26,76,-1,2,-2,3,-3,重撃,3,耐暑,1,,,,,,,鋼龍の翼膜,1,鋼龍の爪,2,鋼龍の尻尾,1,紅蓮石,1
クシャナアドミ,0,2,3,0,3,99,0,13,38,-1,2,-2,5,-3,重撃,3,耐暑,1,,,,,,,鋼龍の翼膜,1,鋼龍の爪,2,鋼龍の尻尾,1,紅蓮石,1
ミヅハ【丸帯】,0,1,3,1,3,99,0,26,76,-5,1,0,2,-3,風圧,3,聴覚保護,2,,,,,,,霞龍の尻尾,1,霞龍の皮,2,霞龍の爪,2,ライトクリスタル,1
トヨタマ【丸帯】,0,2,3,1,3,99,0,13,38,-4,1,0,2,-3,聴覚保護,2,風圧,2,,,,,,,霞龍の尻尾,1,霞龍の皮,2,霞龍の爪,2,ライトクリスタル,1
カイザーフォールド,0,1,3,1,3,99,0,26,76,4,-4,1,-1,-3,毒,2,炎熱適応,2,,,,,,,炎王龍のたてがみ,1,炎の龍鱗,3,炎王龍の尻尾,1,古龍の血,1
カイザーコート,0,2,3,1,3,99,0,13,38,4,-3,1,-1,-3,毒,2,炎熱適応,2,,,,,,,炎王龍のたてがみ,1,炎の龍鱗,3,炎王龍の尻尾,1,古龍の血,1
骸装甲【腰骨】,0,1,3,1,3,99,0,26,76,-1,-1,-1,-1,-2,逆境,2,逆上,2,,,,,,,骸棘殻,3,骸頭骨,2,発光する粘液,1,竜骨【大】,4
屍装甲【腰骨】,0,2,3,1,3,99,0,13,38,-1,-1,-1,-1,-1,逆境,2,逆上,2,,,,,,,骸棘殻,3,骸頭骨,2,発光する粘液,1,竜骨【大】,4
ブラックスパイン,0,1,3,0,99,5,0,24,74,2,2,2,2,-5,属性耐性,3,溜め短縮,2,,,,,,,黒い塊,1,黒いかけら,3,いにしえの秘薬,1,龍殺しの実,3
ブラックスケイル,0,2,3,0,99,5,0,12,37,2,2,2,2,-4,属性耐性,3,溜め短縮,2,,,,,,,黒い塊,1,黒いかけら,3,いにしえの秘薬,1,龍殺しの実,3
クロオビフォールド,0,1,3,0,3,5,0,22,72,1,1,1,1,1,会心強化,2,運気,-1,,,,,,,クロオビチケット,1,ガララコイン,2,上竜骨,1,,
クロオビコート,0,2,3,0,3,5,0,11,36,1,1,1,1,2,会心強化,2,運気,-1,,,,,,,クロオビチケット,1,ガララコイン,2,上竜骨,1,,
ギルドバードコイル,1,1,3,1,3,5,0,20,70,0,0,0,0,0,号令,2,運気,2,気まぐれ,-2,,,,,龍歴院チケット,1,溶岩塊,2,ドラグライト鉱石,3,,
ギルドバードコート,1,2,3,1,3,5,0,10,35,0,0,0,0,0,号令,2,運気,2,気まぐれ,-2,,,,,龍歴院チケット,1,溶岩塊,2,ドラグライト鉱石,3,,
メイドスカート,2,1,3,1,99,3,0,20,70,0,0,0,0,0,采配,2,運気,2,気まぐれ,-2,,,,,ココットチケット,1,ランポスの大皮,5,暖かい毛皮,4,,
プライベートフリル,2,2,3,1,99,3,0,10,35,0,0,0,0,0,采配,2,運気,2,気まぐれ,-2,,,,,ココットチケット,1,ランポスの大皮,5,暖かい毛皮,4,,
ヘルパースカート,2,1,3,1,99,5,0,20,70,0,0,0,0,0,広域,3,回復量,1,回復速度,-1,,,,,ポッケチケット,1,ライトクリスタル,2,迅竜の黒毛,3,,
ヒーラーフリル,2,2,3,1,99,5,0,10,35,0,0,0,0,0,回復量,2,広域,2,気配,-1,,,,,ポッケチケット,1,ライトクリスタル,2,迅竜の黒毛,3,,
撫子【枝垂】,2,1,3,1,99,5,0,20,70,0,0,0,0,0,千里眼,2,観察眼,2,,,,,,,ユクモチケット,1,ユクモの木,2,赤甲獣の蛇腹甲,4,,
桔梗【枝垂】,2,2,3,1,99,5,0,10,35,0,0,0,0,0,千里眼,2,観察眼,2,,,,,,,ユクモチケット,1,ユクモの木,2,赤甲獣の蛇腹甲,4,,
グルニャンサロン,0,1,3,0,99,6,0,22,72,1,1,1,1,1,研ぎ師,3,回復量,3,,,,,,,希望の証,1,ビストロチケット,1,交易チケット,1,暖かい毛皮,3
グルニャンエプロン,0,2,3,0,99,6,0,11,36,1,1,1,1,1,弾薬節約,3,回復量,2,,,,,,,希望の証,1,ビストロチケット,1,交易チケット,1,暖かい毛皮,3
レザーＳフォールド,0,1,4,2,4,7,0,24,100,0,0,0,0,0,採取,2,気まぐれ,1,,,,,,,上質な毛皮,1,竜骨【大】,3,カブレライト鉱石,1,,
レザーＳコート,0,2,4,2,4,7,0,12,88,0,1,1,0,0,採取,2,気まぐれ,1,,,,,,,上質な毛皮,1,竜骨【大】,3,カブレライト鉱石,1,,
チェーンＳフォールド,0,1,4,1,4,7,0,24,100,0,0,1,0,0,節食,3,,,,,,,,,カブレライト鉱石,1,ドラグライト鉱石,1,大地の結晶,2,ドスヘラクレス,2
チェーンＳコート,0,2,4,1,4,7,0,12,88,0,0,1,1,0,節食,3,,,,,,,,,カブレライト鉱石,1,ドラグライト鉱石,1,大地の結晶,2,ドスヘラクレス,2
ベルダーＳベルト,0,1,4,1,4,7,0,26,102,0,1,0,0,0,笛,6,広域,1,,,,,,,上質な毛皮,1,ベルナチケット,1,雲羊鹿の毛玉,5,,
ベルダーＳコート,0,2,4,1,4,7,0,13,51,0,2,0,0,0,笛,6,広域,1,,,,,,,上質な毛皮,1,ベルナチケット,1,雲羊鹿の毛玉,5,,
ハントＳフォールド,0,1,4,1,4,7,0,26,102,1,0,0,0,0,高速設置,3,爆弾強化,2,,,,,,,カブレライト鉱石,2,ココットチケット,1,上質な毛皮,5,モンスターの体液,5
ハントＳコート,0,2,4,1,4,7,0,13,51,2,0,0,0,0,高速設置,3,爆弾強化,2,,,,,,,カブレライト鉱石,2,ココットチケット,1,上質な毛皮,5,モンスターの体液,5
マフモフＳコイル,0,1,4,1,4,7,0,26,102,-1,0,0,2,0,溜め短縮,3,耐寒,2,,,,,,,上質な毛皮,2,ポッケチケット,1,ファンゴの上毛皮,3,,
マフモフＳコート,0,2,4,1,4,7,0,13,51,-1,0,0,4,0,耐寒,2,溜め短縮,2,,,,,,,上質な毛皮,2,ポッケチケット,1,ファンゴの上毛皮,3,,
ユクモノオビ・天,0,1,4,2,4,7,0,26,102,0,0,1,0,0,回避性能,2,達人,1,,,,,,,ユクモの堅木,1,ユクモチケット,1,カブレライト鉱石,2,,
ユクモノオビ・地,0,2,4,2,4,7,0,13,51,0,0,2,0,0,回避性能,2,達人,1,,,,,,,ユクモの堅木,1,ユクモチケット,1,カブレライト鉱石,2,,
ロックラックＳコイル,0,0,4,1,4,7,0,15,53,1,0,0,0,2,耐暑,4,運搬,3,,,,,,,上質な腹袋,2,ジャギィの上鱗,3,甲虫の大顎,3,,
ハンターＳフォールド,0,1,4,1,4,7,0,26,102,0,0,0,0,0,狩人,6,捕獲,2,,,,,,,カブレライト鉱石,3,ファンゴの上毛皮,4,ファンゴの毛皮,5,ドラグライト鉱石,5
ハンターＳコート,0,2,4,1,4,7,0,13,51,0,0,0,0,0,狩人,6,捕獲,2,,,,,,,カブレライト鉱石,3,ファンゴの上毛皮,4,ファンゴの毛皮,5,ドラグライト鉱石,5
ハンターＲフォールド,0,1,4,1,6,99,0,22,98,0,0,0,0,0,観察眼,3,,,,,,,,,獰猛化エキス,1,巨獣の剛毛,5,マカライト鉱石,15,獰猛化素材(上位pts),5
ハンターＲコート,0,2,4,1,6,99,0,11,49,0,0,0,0,0,観察眼,3,,,,,,,,,獰猛化エキス,1,巨獣の剛毛,5,マカライト鉱石,15,獰猛化素材(上位pts),5
ボーンＳフォールド,0,1,4,2,4,7,0,30,106,0,0,0,-1,0,鈍器,2,KO,2,攻撃,-1,,,,,堅牢な骨,1,竜骨【中】,2,なぞの骨,10,,
ボーンＳコート,0,2,4,2,4,7,0,15,53,0,0,0,-1,0,変則射撃,2,KO,2,攻撃,-1,,,,,堅牢な骨,1,竜骨【中】,2,なぞの骨,10,,
スキンライトＳベルト,0,0,4,0,4,7,0,15,53,0,0,0,0,0,睡眠,10,,,,,,,,,上質な毛皮,2,カワズの殿油,2,,,,
アイアンＳベルト,0,0,4,0,4,7,0,16,54,0,0,3,0,0,対防御DOWN,10,,,,,,,,,カブレライト鉱石,2,上質な毛皮,3,盾虫の堅殻,3,,
メルホアＳオッハ,0,1,4,3,4,7,0,32,108,0,1,1,0,0,採取,2,,,,,,,,,王族カナブン,4,ドスビスカス,2,ネムリ草,10,いにしえの秘薬,1
メルホアＳブラット,0,2,4,3,4,7,0,16,54,0,1,1,0,0,採取,1,,,,,,,,,王族カナブン,4,ドスビスカス,2,ネムリ草,10,いにしえの秘薬,1
メルホアＵオッハ,0,1,4,3,4,7,0,28,104,0,1,1,0,0,耐寒,1,気まぐれ,1,,,,,,,ノヴァクリスタル,1,ドスビスカス,2,ネムリ草,10,いにしえの秘薬,1
メルホアＵブラット,0,2,4,3,4,7,0,14,52,0,1,1,0,0,耐寒,1,気まぐれ,1,,,,,,,ノヴァクリスタル,1,ドスビスカス,2,ネムリ草,10,いにしえの秘薬,1
マカルパＳコイル,0,1,4,1,4,7,0,36,112,1,2,-2,0,0,調合成功率,4,調合数,2,,,,,,,砂竜の上鱗,8,春夜鯉,2,小金魚,4,調合書初級編,1
マカルパＳナジュワ,0,2,4,1,4,7,0,18,56,1,3,-2,0,0,調合成功率,3,調合数,2,,,,,,,砂竜の上鱗,8,春夜鯉,2,小金魚,4,調合書初級編,1
マカルパＵコイル,0,1,4,1,5,8,0,32,108,1,2,-2,0,0,調合成功率,4,効果持続,2,,,,,,,水竜の上鱗,8,春夜鯉,2,小金魚,4,調合書中級編,1
マカルパＵナジュワ,0,2,4,1,5,8,0,16,54,1,3,-2,0,0,調合成功率,3,効果持続,2,,,,,,,水竜の上鱗,8,春夜鯉,2,小金魚,4,調合書中級編,1
ビストロＳサロン,0,1,4,1,4,7,0,34,110,3,1,0,2,0,食事,2,肉食,2,回復量,-1,,,,,白兎獣の剛毛,3,ビストロチケット,2,水生獣の上皮,4,氷結晶イチゴ,5
ビストロＳエプロン,0,2,4,1,4,7,0,17,55,4,1,0,3,0,食事,2,肉食,2,回復量,-1,,,,,白兎獣の剛毛,3,ビストロチケット,2,水生獣の上皮,4,氷結晶イチゴ,5
マギュルＳオッハ,0,1,4,2,4,7,0,36,112,-3,1,0,2,0,火属性攻撃,5,,,,,,,,,王族カナブン,4,ペピポパンプキン,2,飛甲虫の堅殻,4,交易チケット,1
マギュルＳブラット,0,2,4,2,4,7,0,18,56,-3,2,0,3,0,火属性攻撃,4,,,,,,,,,王族カナブン,4,ペピポパンプキン,2,飛甲虫の堅殻,4,交易チケット,1
エーデルＳオッハ,0,1,4,1,4,7,0,34,110,-1,3,-1,0,0,広域,4,気配,-1,,,,,,,大水袋,2,星見の花,2,ベルナチケット,1,ユクモの堅木,2
エーデルＳブラット,0,2,4,1,4,7,0,17,55,-1,4,-1,0,0,広域,4,気配,-1,,,,,,,大水袋,2,星見の花,2,ベルナチケット,1,ユクモの堅木,2
ムーファＳコイル,0,1,4,0,4,7,0,32,108,-1,0,2,3,0,雷属性攻撃,4,耐寒,3,,,,,,,上質な毛皮,2,雲羊鹿の毛玉,5,雲羊鹿の角,4,水獣の鋭爪,2
ムーファＳコート,0,2,4,0,4,7,0,16,54,-1,0,3,4,0,雷属性攻撃,4,耐寒,2,,,,,,,上質な毛皮,2,雲羊鹿の毛玉,5,雲羊鹿の角,4,水獣の鋭爪,2
ガブラスーツＳベルト,0,1,4,1,5,7,0,20,96,1,1,1,1,2,運気,2,腹減り,-2,,,,,,,翼蛇竜の上皮,3,縞模様の皮,5,獄炎石,2,カワズの殿油,2
ガブラスーツＳバンド,0,2,4,1,5,7,0,10,48,1,1,1,1,3,運気,2,腹減り,-2,,,,,,,翼蛇竜の上皮,3,縞模様の皮,5,獄炎石,2,カワズの殿油,2
モスＳヒップ,0,0,4,2,4,7,0,19,57,0,0,0,0,0,茸食,1,,,,,,,,,ファンゴの上毛皮,4,モスの苔皮,2,大猪の硬い皮,1,マカライト鉱石,3
リノプロＳコイル,0,1,4,1,4,7,0,32,108,2,0,0,-2,0,砲術,2,水属性攻撃,1,,,,,,,草食竜の堅殻,1,草食竜の頭殻,1,氷結晶,3,,
リノプロＳコート,0,2,4,1,4,7,0,16,54,3,0,0,-2,0,砲術,2,水属性攻撃,1,,,,,,,草食竜の堅殻,1,草食竜の頭殻,1,氷結晶,3,,
ジャギィＳフォールド,0,1,4,1,4,7,0,28,104,-2,0,0,0,0,攻撃,4,防御,-1,,,,,,,ジャギィの上鱗,4,上質な鳥竜骨,4,ゲネポスの上鱗,3,ドラグライト鉱石,4
ジャギィＳコート,0,2,4,1,4,7,0,14,52,-2,0,0,0,0,攻撃,4,防御,-1,,,,,,,ジャギィの上鱗,4,上質な鳥竜骨,4,ゲネポスの上鱗,3,ドラグライト鉱石,4
ドロスＳフォールド,0,1,4,2,4,7,0,28,104,-2,4,-1,0,0,体術,2,節食,2,,,,,,,水生獣の上皮,4,上質な鳥竜骨,3,上質な毛皮,2,海綿質の皮,3
ドロスＳコート,0,2,4,2,4,7,0,14,52,-2,5,-1,0,0,体術,2,節食,2,,,,,,,水生獣の上皮,4,上質な鳥竜骨,3,上質な毛皮,2,海綿質の皮,3
コトルＳフォールド,0,1,4,1,5,7,0,30,106,4,-2,0,-1,0,ガード強化,4,,,,,,,,,溶岩獣の上鱗,3,溶岩獣の鱗,8,カブレライト鉱石,3,マレコガネ,2
コトルＳコート,0,2,4,1,5,7,0,15,53,5,-2,0,-1,0,変則射撃,4,,,,,,,,,溶岩獣の上鱗,3,溶岩獣の鱗,8,カブレライト鉱石,3,マレコガネ,2
マッカォＳフォールド,0,1,4,1,4,7,0,30,106,-2,0,0,0,0,KO,2,,,,,,,,,マッカォの上鱗,4,跳狗竜の鱗,4,上質な鳥竜骨,4,ドラグライト鉱石,5
マッカォＳコート,0,2,4,1,4,7,0,15,53,-2,1,1,1,1,KO,2,,,,,,,,,マッカォの上鱗,4,跳狗竜の鱗,4,上質な鳥竜骨,4,ドラグライト鉱石,5
ランポスＳフォールド,0,1,4,2,4,7,0,30,106,0,0,0,-2,0,水属性攻撃,4,気絶,1,麻痺,-1,,,,,ランポスの上鱗,4,ランポスの上皮,5,大地の結晶,6,王族カナブン,4
ランポスＳコート,0,2,4,2,4,7,0,15,53,0,1,1,-2,0,水属性攻撃,4,気絶,1,麻痺,-1,,,,,ランポスの上鱗,4,ランポスの上皮,5,大地の結晶,6,王族カナブン,4
ギアノスＳフォールド,0,1,4,1,4,7,0,30,106,0,0,-1,2,0,だるま,5,睡眠,-4,,,,,,,ギアノスの上皮,4,ギアノスの上鱗,4,黒狼鳥の甲殻,2,ドラグライト鉱石,4
ギアノスＳコート,0,2,4,1,4,7,0,15,53,0,0,-1,3,0,だるま,4,睡眠,-4,,,,,,,ギアノスの上皮,4,ギアノスの上鱗,4,黒狼鳥の甲殻,2,ドラグライト鉱石,4
ゲネポスＳフォールド,0,1,4,2,4,7,0,32,108,0,0,1,-2,0,麻痺,2,雷属性攻撃,1,毒,-2,,,,,ゲネポスの上鱗,4,ゲネポスの上皮,4,強力麻痺袋,2,ドスヘラクレス,3
ゲネポスＳコート,0,2,4,2,4,7,0,16,54,1,0,2,-2,0,麻痺,1,雷属性攻撃,1,毒,-2,,,,,ゲネポスの上鱗,4,ゲネポスの上皮,4,強力麻痺袋,2,ドスヘラクレス,3
EXゲネポスフォールド,0,1,4,1,5,99,0,36,112,0,0,1,-2,0,攻撃,2,特殊攻撃,2,属性攻撃,-2,,,,,虹色鉱石,1,ゲネポスの大尖牙,4,強力麻痺袋,3,マレコガネ,3
EXゲネポスコート,0,2,4,1,5,99,0,18,56,1,0,2,-2,0,攻撃,2,特殊攻撃,2,属性攻撃,-2,,,,,虹色鉱石,1,ゲネポスの大尖牙,4,強力麻痺袋,3,マレコガネ,3
イーオスＳフォールド,0,1,4,1,5,8,0,34,110,2,-1,-1,0,0,観察眼,2,毒,1,気絶,-1,,,,,イーオスの大上皮,3,イーオスの上紫鱗,2,ドラグライト鉱石,6,猛毒袋,2
イーオスＳコート,0,2,4,1,5,8,0,17,55,3,-1,-1,0,0,毒,1,観察眼,1,気絶,-1,,,,,イーオスの大上皮,3,イーオスの上紫鱗,2,ドラグライト鉱石,6,猛毒袋,2
EXイーオスフォールド,0,1,4,0,5,99,0,38,114,2,-1,-1,0,0,火耐性,3,根性,2,調合成功率,-2,,,,,虹色鉱石,1,イーオスの上紫鱗,4,猛毒袋,3,ゴム質の上皮,2
EXイーオスコート,0,2,4,0,5,99,0,19,57,3,-1,-1,0,0,火耐性,2,根性,2,調合成功率,-2,,,,,虹色鉱石,1,イーオスの上紫鱗,4,猛毒袋,3,ゴム質の上皮,2
ランゴＳフォールド,0,1,4,1,4,7,0,32,108,-2,1,1,1,2,納刀,5,,,,,,,,,ランゴスタの薄羽,3,ランゴスタの堅殻,3,ランゴスタの甲殻,4,王族カナブン,2
ランゴＳコート,0,2,4,1,4,7,0,16,54,-2,2,2,2,3,納刀,5,,,,,,,,,ランゴスタの薄羽,3,ランゴスタの堅殻,3,ランゴスタの甲殻,4,王族カナブン,2
EXランゴフォールド,0,1,4,0,5,99,0,36,112,-2,1,1,1,2,剣術,2,回避距離,2,体力,-2,,,,,虹色鉱石,1,ランゴスタの堅殻,4,飛甲虫の堅殻,5,獄炎石,2
EXランゴコート,0,2,4,0,5,99,0,18,56,-2,2,2,2,3,散弾強化,2,回避距離,2,体力,-2,,,,,虹色鉱石,1,ランゴスタの堅殻,4,飛甲虫の堅殻,5,獄炎石,2
タロスＳフォールド,0,1,4,1,4,7,0,36,112,-1,-1,-1,-1,4,龍耐性,4,,,,,,,,,カンタロスの薄羽,3,カンタロスの堅殻,3,カンタロスの甲殻,4,王族カナブン,2
タロスＳコート,0,2,4,1,4,7,0,18,56,-1,-1,-1,-1,6,龍耐性,4,,,,,,,,,カンタロスの薄羽,3,カンタロスの堅殻,3,カンタロスの甲殻,4,王族カナブン,2
EXタロスフォールド,0,1,4,1,5,99,0,40,116,-1,-1,-1,-1,4,龍属性攻撃,2,ガード性能,2,体術,-2,,,,,虹色鉱石,1,カンタロスの堅殻,4,飛甲虫の堅殻,5,獄炎石,2
EXタロスコート,0,2,4,1,5,99,0,20,58,-1,-1,-1,-1,6,龍属性攻撃,2,精密射撃,2,体術,-2,,,,,虹色鉱石,1,カンタロスの堅殻,4,飛甲虫の堅殻,5,獄炎石,2
タロスＲフォールド,0,1,4,0,6,99,0,32,108,-1,-1,-1,-1,4,龍耐性,2,窮地,2,,,,,,,獰猛な爪,1,カンタロスの堅殻,7,カンタロスの羽,15,獰猛化素材(上位pts),8
タロスＲコート,0,2,4,0,6,99,0,16,54,-1,-1,-1,-1,6,龍耐性,2,窮地,2,,,,,,,獰猛な爪,1,カンタロスの堅殻,7,カンタロスの羽,15,獰猛化素材(上位pts),8
ブナハＳコイル,0,1,4,1,4,7,0,32,108,-2,0,0,0,2,特殊攻撃,4,火耐性,-2,,,,,,,飛甲虫の堅殻,2,飛甲虫の羽,4,モンスターの濃汁,1,王族カナブン,2
ブナハＳコート,0,2,4,1,4,7,0,16,54,-2,1,1,1,3,特殊攻撃,4,火耐性,-2,,,,,,,飛甲虫の堅殻,2,飛甲虫の羽,4,モンスターの濃汁,1,王族カナブン,2
ファンゴＳフォールド,0,1,4,1,4,7,0,36,112,0,2,-2,1,0,底力,3,攻撃,1,加護,-3,,,,,大猪の硬い皮,4,堅牢な骨,4,大猪の牙,4,奇猿狐の剛毛,2
ファンゴＳコート,0,2,4,1,4,7,0,18,56,0,3,-2,1,0,底力,3,攻撃,1,加護,-3,,,,,大猪の硬い皮,4,堅牢な骨,4,大猪の牙,4,奇猿狐の剛毛,2
アシラＳフォールド,0,1,4,3,4,7,0,38,114,-2,0,-2,0,0,,,,,,,,,,,青熊獣の剛毛,5,堅牢な骨,2,青熊獣の甲殻,3,ドスヘラクレス,3
アシラＳコート,0,2,4,3,4,7,0,19,57,-2,0,-2,0,0,,,,,,,,,,,青熊獣の剛毛,5,堅牢な骨,2,青熊獣の甲殻,3,ドスヘラクレス,3
ガレオスＳフォールド,0,1,4,0,4,7,0,42,118,2,0,0,-3,0,耐暑,5,火耐性,5,,,,,,,砂竜の上鱗,5,砂竜の鋭牙,3,ドラグライト鉱石,8,カブレライト鉱石,5
ガレオスＳコート,0,2,4,0,4,7,0,21,59,2,0,0,-3,0,耐暑,5,火耐性,5,,,,,,,砂竜の上鱗,5,砂竜の鋭牙,3,ドラグライト鉱石,8,カブレライト鉱石,5
EXガレオスフォールド,0,1,4,0,5,99,0,46,122,2,0,0,-3,0,水属性攻撃,3,睡眠,2,耐震,2,,,,,虹色鉱石,1,砂竜の上ヒレ,4,古代魚,1,鉄鉱石,15
EXガレオスコート,0,2,4,0,5,99,0,23,61,2,0,0,-3,0,水属性攻撃,3,睡眠,2,耐震,2,,,,,虹色鉱石,1,砂竜の上ヒレ,4,古代魚,1,鉄鉱石,15
クックＳフォールド,0,1,4,0,4,7,0,44,120,3,-1,0,-3,0,火属性攻撃,3,攻撃,2,防御,-2,,,,,怪鳥の上鱗,2,怪鳥の堅殻,3,堅牢な骨,3,,
クックＳコート,0,2,4,0,4,7,0,22,60,4,-1,0,-3,0,攻撃,2,火属性攻撃,2,防御,-2,,,,,怪鳥の上鱗,2,怪鳥の堅殻,3,堅牢な骨,3,,
ケチャフォールド,0,1,4,1,4,7,0,44,120,-2,2,-1,0,1,体術,3,気力回復,2,スタミナ,-2,,,,,奇猿狐の大耳,1,奇猿狐の剛毛,4,堅牢な骨,2,キラビートル,2
ケチャコート,0,2,4,1,4,7,0,22,60,-2,3,-1,0,1,体術,3,気力回復,2,スタミナ,-2,,,,,奇猿狐の大耳,1,奇猿狐の剛毛,4,堅牢な骨,2,キラビートル,2
ウルクＳフォールド,0,1,4,1,4,7,0,40,116,-3,1,0,3,0,回避性能,3,体力,-2,,,,,,,白兎獣の剛毛,3,白兎獣の凍爪,2,堅牢な骨,3,ドスヘラクレス,8
ウルクＳコート,0,2,4,1,4,7,0,20,58,-3,1,0,4,0,回避性能,3,体力,-2,,,,,,,白兎獣の剛毛,3,白兎獣の凍爪,2,堅牢な骨,3,ドスヘラクレス,8
ゲリョスＳフォールド,0,1,4,1,4,7,0,46,122,-3,1,4,-1,0,毒,3,スタミナ,3,腹減り,-3,,,,,毒怪鳥の翼,3,猛毒袋,4,大地の結晶,5,カブレライト鉱石,4
ゲリョスＳコート,0,2,4,1,4,7,0,23,61,-3,1,5,-1,0,毒,3,スタミナ,3,腹減り,-3,,,,,毒怪鳥の翼,3,猛毒袋,4,大地の結晶,5,カブレライト鉱石,4
ゲリョスＲフォールド,0,1,4,0,6,99,0,42,118,-3,1,4,-1,0,気絶,4,麻痺,-3,,,,,,,獰猛化毒怪鳥皮,1,毒怪鳥の翼,4,猛毒袋,5,毒怪鳥素材(pts),8
ゲリョスＲコート,0,2,4,0,6,99,0,21,59,-3,1,5,-1,0,気絶,4,麻痺,-3,,,,,,,獰猛化毒怪鳥皮,1,毒怪鳥の翼,4,猛毒袋,5,毒怪鳥素材(pts),8
カブラＳフォールド,0,1,4,2,4,7,0,46,122,2,-3,-1,0,1,耐震,3,睡眠,-3,,,,,,,鬼蛙の上鱗,4,草食竜の堅殻,3,堅牢な骨,2,怪力の種,9
カブラＳコート,0,2,4,2,4,7,0,23,61,3,-3,-1,0,1,耐震,3,睡眠,-3,,,,,,,鬼蛙の上鱗,4,草食竜の堅殻,3,堅牢な骨,2,怪力の種,9
ザザミＳフォールド,0,1,4,0,4,7,0,48,124,-1,3,-3,0,1,ガード性能,4,体術,-3,,,,,,,盾蟹の堅殻,3,盾蟹の甲殻,4,とがった爪,4,堅牢な骨,3
ザザミＳコート,0,2,4,0,4,7,0,24,62,-1,4,-3,0,1,反動,4,装填速度,-3,,,,,,,盾蟹の堅殻,3,盾蟹の甲殻,4,とがった爪,4,堅牢な骨,3
EXザザミフォールド,0,1,4,0,7,99,0,52,128,-1,3,-3,0,1,ガード強化,4,窮地,1,スタミナ,-3,,,,,七色たんぽぽ,1,盾蟹の堅殻,4,とがった爪,4,堅牢な骨,3
EXザザミコート,0,2,4,0,7,99,0,26,64,-1,4,-3,0,1,強撃瓶追加,4,窮地,1,達人,-3,,,,,七色たんぽぽ,1,盾蟹の堅殻,4,とがった爪,4,堅牢な骨,3
ザザミＲフォールド,0,1,4,0,8,99,0,44,120,-1,3,-3,0,1,ガード性能,6,体術,-5,,,,,,,獰猛化盾蟹殻,1,盾蟹の堅殻,5,尖竜骨,3,盾蟹素材(pts),8
ザザミＲコート,0,2,4,0,8,99,0,22,60,-1,4,-3,0,1,反動,6,装填速度,-5,,,,,,,獰猛化盾蟹殻,1,盾蟹の堅殻,5,尖竜骨,3,盾蟹素材(pts),8
ラングロＳフォールド,0,1,4,2,5,8,0,46,122,2,-3,0,-1,1,細菌学,4,気力回復,-2,,,,,,,赤甲獣の堅殻,3,赤甲獣の蛇腹甲,4,モンスターの濃汁,3,紅蓮石,2
ラングロＳコート,0,2,4,2,5,8,0,23,61,3,-3,0,-1,1,細菌学,3,気力回復,-2,,,,,,,赤甲獣の堅殻,3,赤甲獣の蛇腹甲,4,モンスターの濃汁,3,紅蓮石,2
コンガフォールド,0,1,4,0,5,7,0,32,108,-3,1,1,-1,0,食いしん坊,4,腹減り,-2,,,,,,,桃毛獣の剛毛,3,桃毛獣の牙,2,大猪の硬い皮,2,大きな骨,3
コンガコート,0,2,4,0,5,7,0,16,54,-2,1,1,-1,0,食いしん坊,4,腹減り,-2,,,,,,,桃毛獣の剛毛,3,桃毛獣の牙,2,大猪の硬い皮,2,大きな骨,3
ルドロスＳフォールド,0,1,4,1,4,7,0,46,122,-3,4,-1,0,0,気力回復,4,回避性能,-3,,,,,,,水獣の上鱗,4,水生獣の上皮,4,未熟な海綿質,6,王族カナブン,2
ルドロスＳコート,0,2,4,1,4,7,0,23,61,-3,5,-1,0,0,気力回復,4,回避性能,-3,,,,,,,水獣の上鱗,4,水生獣の上皮,4,未熟な海綿質,6,王族カナブン,2
ルドロスＲフォールド,0,1,4,0,6,99,0,42,118,-3,4,-1,0,0,スタミナ,5,腹減り,-5,,,,,,,獰猛化水獣鱗,1,水獣の上鱗,5,高級なトサカ,3,水獣素材(pts),8
ルドロスＲコート,0,2,4,0,6,99,0,21,59,-3,5,-1,0,0,スタミナ,5,腹減り,-5,,,,,,,獰猛化水獣鱗,1,水獣の上鱗,5,高級なトサカ,3,水獣素材(pts),8
ボロスフォールド,0,1,4,0,5,7,0,34,110,0,0,1,-2,0,攻撃,3,ガード性能,3,防御,2,,,,,土砂竜の堅殻,2,土砂竜の堅甲,3,上竜骨,4,大猪の皮,5
ボロスコート,0,2,4,0,5,7,0,17,55,0,0,1,-2,0,攻撃,3,変則射撃,3,防御,2,,,,,土砂竜の堅殻,2,土砂竜の堅甲,3,上竜骨,4,大猪の皮,5
エコールスカート,2,1,4,0,4,3,1,44,120,0,0,0,0,0,狂撃耐性,3,千里眼,1,食事,-2,,,,,ベルナチケット,1,上質な毛皮,2,黒蝕竜の鱗,4,奇猿狐の剛毛,3
エコールフリル,2,2,4,0,4,3,1,22,60,0,0,0,0,0,狂撃耐性,3,千里眼,1,食事,-2,,,,,ベルナチケット,1,上質な毛皮,2,黒蝕竜の鱗,4,奇猿狐の剛毛,3
アロイＳコイル,0,1,5,2,5,7,0,40,116,-1,0,-1,-1,0,風圧,3,達人,1,,,,,,,ユニオン鉱石,2,カブレライト鉱石,2,ドラグライト鉱石,5,ベアライト石,5
アロイＳコート,0,2,5,2,5,7,0,20,58,-1,0,-1,-1,0,風圧,3,達人,1,,,,,,,ユニオン鉱石,2,カブレライト鉱石,2,ドラグライト鉱石,5,ベアライト石,5
アロイＲコイル,0,1,5,0,6,99,0,36,112,-1,0,-1,-1,0,達人,6,,,,,,,,,獰猛化狩猟の証,1,ユニオン鉱石,5,化け鮫の上鱗,6,獰猛化素材(上位pts),5
アロイＲコート,0,2,5,0,6,99,0,18,56,-1,0,-1,-1,0,達人,5,,,,,,,,,獰猛化狩猟の証,1,ユニオン鉱石,5,化け鮫の上鱗,6,獰猛化素材(上位pts),5
バトルＳフォールド,0,1,5,0,5,7,0,44,120,1,-1,-1,0,0,ガード性能,4,盗み無効,3,攻撃,2,,,,,ユニオン鉱石,3,翼蛇竜の上皮,3,ランポスの上皮,5,上竜骨,2
バトルＳコート,0,2,5,0,5,7,0,22,60,2,-1,-1,0,0,反動,4,盗み無効,3,攻撃,1,,,,,ユニオン鉱石,3,翼蛇竜の上皮,3,ランポスの上皮,5,上竜骨,2
インゴットＳコイル,0,1,5,3,5,8,0,48,124,-1,-1,1,0,0,風圧,1,氷属性攻撃,1,運気,-1,,,,,獄炎石,1,カブレライト鉱石,3,溶岩塊,3,氷結晶,20
インゴットＳコート,0,2,5,3,5,8,0,24,62,-1,-1,2,0,0,風圧,1,氷属性攻撃,1,運気,-1,,,,,獄炎石,1,カブレライト鉱石,3,溶岩塊,3,氷結晶,20
インゴットＲコイル,0,1,5,0,6,99,0,44,120,-1,-1,1,0,0,風圧,5,運気,-2,,,,,,,獰猛な体液,1,獄炎石,4,尾槌竜のコブ,3,獰猛化素材(上位pts),5
インゴットＲコート,0,2,5,0,6,99,0,22,60,-1,-1,2,0,0,風圧,5,運気,-2,,,,,,,獰猛な体液,1,獄炎石,4,尾槌竜のコブ,3,獰猛化素材(上位pts),5
ハイメタＳフォールド,0,1,5,2,5,7,0,46,122,0,-1,2,-1,0,聴覚保護,2,雷耐性,1,加護,-1,,,,,ユニオン鉱石,5,ノヴァクリスタル,1,マカライト鉱石,15,超電雷光虫,3
ハイメタＳコート,0,2,5,2,5,7,0,23,61,0,-1,3,-1,0,聴覚保護,2,雷耐性,1,加護,-1,,,,,ユニオン鉱石,5,ノヴァクリスタル,1,マカライト鉱石,15,超電雷光虫,3
ハイメタＵフォールド,0,1,5,0,5,8,0,42,118,0,-1,2,-1,0,抜刀会心,5,達人,-4,,,,,,,溶岩竜の上鱗,3,カブレライト鉱石,2,マカライト鉱石,10,赤甲獣の堅殻,4
ハイメタＵコート,0,2,5,0,5,8,0,21,59,0,-1,3,-1,0,重撃弾強化,5,達人,-4,,,,,,,溶岩竜の上鱗,3,カブレライト鉱石,2,マカライト鉱石,10,赤甲獣の堅殻,4
Ｋ・ロブスタコイル,0,1,5,0,5,8,0,48,124,-1,4,-1,-1,-1,泡沫,2,節食,2,雷耐性,-3,,,,,エビの大殻,1,エビの小殻,3,水竜の上ヒレ,2,溶岩竜の堅殻,4
Ｋ・ロブスタコート,0,2,5,0,5,8,0,24,62,-1,5,-1,-1,-1,泡沫,2,節食,1,雷耐性,-3,,,,,エビの大殻,1,エビの小殻,3,水竜の上ヒレ,2,溶岩竜の堅殻,4
オウビートＳアンカ,1,1,5,0,5,8,0,50,126,2,-2,2,-2,3,体術,3,スタミナ,-1,,,,,,,マレコガネ,2,オオツノアゲハ,3,ドスヘラクレス,5,電撃袋,2
オウビートＳコクサ,1,2,5,0,5,8,0,25,63,3,-2,2,-2,4,体術,3,スタミナ,-1,,,,,,,マレコガネ,2,オオツノアゲハ,3,ドスヘラクレス,5,電撃袋,2
パピメルＳアンカ,2,1,5,0,5,8,0,50,126,2,-2,2,-2,3,体術,3,スタミナ,-1,,,,,,,マレコガネ,2,オオツノアゲハ,3,ドスヘラクレス,5,電撃袋,2
パピメルＳコクサ,2,2,5,0,5,8,0,25,63,3,-2,2,-2,4,体術,3,スタミナ,-1,,,,,,,マレコガネ,2,オオツノアゲハ,3,ドスヘラクレス,5,電撃袋,2
デスギアＳナーベル,0,1,5,0,5,99,0,48,124,2,1,1,-1,0,狂撃耐性,5,龍属性攻撃,1,回避性能,-3,,,,,禍々しい闇布,1,禍々しい布,2,水竜の鋭牙,4,古龍骨,3
デスギアＳガイツ,0,2,5,0,5,99,0,24,62,3,1,1,-1,0,狂撃耐性,5,龍属性攻撃,1,回避性能,-3,,,,,禍々しい闇布,1,禍々しい布,2,水竜の鋭牙,4,古龍骨,3
デスギアＲナーベル,0,1,5,0,7,99,0,44,120,2,1,1,-1,0,属性会心,5,攻撃,-3,,,,,,,獰猛な鋭牙,1,禍々しい闇布,1,黒蝕竜の鋭惨爪,4,獰猛化素材(上位pts),8
デスギアＲガイツ,0,2,5,0,7,99,0,22,60,3,1,1,-1,0,属性会心,5,攻撃,-3,,,,,,,獰猛な鋭牙,1,禍々しい闇布,1,黒蝕竜の鋭惨爪,4,獰猛化素材(上位pts),8
ヴァイクＳフォールド,0,1,5,2,5,8,0,46,122,0,3,-2,-1,0,斬れ味,4,,,,,,,,,ユニオン鉱石,2,ヨロイシダイ,2,砂竜の上ヒレ,4,サシミウオ,20
ヴァイクＳコート,0,2,5,2,5,8,0,23,61,0,4,-2,-1,0,弾薬節約,4,,,,,,,,,ユニオン鉱石,2,ヨロイシダイ,2,砂竜の上ヒレ,4,サシミウオ,20
ロワーガＳアンカ,1,1,5,1,5,8,0,48,124,-2,0,3,-2,2,達人,5,会心強化,1,攻撃,-2,,,,,マレコガネ,2,オオクワアゲハ,3,上質な腹袋,4,ボンバッタ,10
ロワーガＳコクサ,1,2,5,1,5,8,0,24,62,-2,0,3,-2,3,達人,4,会心強化,1,攻撃,-2,,,,,マレコガネ,2,オオクワアゲハ,3,上質な腹袋,4,ボンバッタ,10
ファルメルＳアンカ,2,1,5,1,5,8,0,48,124,-2,0,3,-2,2,達人,5,会心強化,1,攻撃,-2,,,,,マレコガネ,2,オオクワアゲハ,3,上質な腹袋,4,ボンバッタ,10
ファルメルＳコクサ,2,2,5,1,5,8,0,24,62,-2,0,3,-2,3,達人,4,会心強化,1,攻撃,-2,,,,,マレコガネ,2,オオクワアゲハ,3,上質な腹袋,4,ボンバッタ,10
パティシエサロン,0,1,5,1,5,8,0,44,120,2,0,0,2,-2,炎熱適応,2,効果持続,2,腹減り,-2,,,,,マレコガネ,2,ビストロチケット,2,化け鮫の上皮,2,お食事券,2
パティシエエプロン,0,2,5,1,5,8,0,22,60,4,0,0,2,-2,炎熱適応,2,効果持続,1,腹減り,-2,,,,,マレコガネ,2,ビストロチケット,2,化け鮫の上皮,2,お食事券,2
スカルダＳアンカ,1,1,5,0,5,99,0,48,124,3,-1,-1,-1,3,特殊会心,3,本気,3,攻撃,-2,,,,,オオ毒クモリ,1,毒クモリ,2,カンタロスの薄羽,3,猛毒袋,4
スカルダＳコクサ,1,2,5,0,5,99,0,24,62,4,-1,-1,-1,3,特殊会心,3,本気,3,攻撃,-2,,,,,オオ毒クモリ,1,毒クモリ,2,カンタロスの薄羽,3,猛毒袋,4
スパイオＳアンカ,2,1,5,0,5,99,0,48,124,3,-1,-1,-1,3,特殊会心,3,本気,3,攻撃,-2,,,,,オオ毒クモリ,1,毒クモリ,2,カンタロスの薄羽,3,猛毒袋,4
スパイオＳコクサ,2,2,5,0,5,99,0,24,62,4,-1,-1,-1,3,特殊会心,3,本気,3,攻撃,-2,,,,,オオ毒クモリ,1,毒クモリ,2,カンタロスの薄羽,3,猛毒袋,4
バサルフォールド,0,1,5,1,5,8,0,42,118,0,-2,1,1,-3,防御,3,,,,,,,,,岩竜の堅殻,2,ドラグライト鉱石,3,爆炎袋,3,ゲネポスの上皮,5
バサルコート,0,2,5,1,5,8,0,21,59,0,-2,1,1,-2,防御,3,,,,,,,,,岩竜の堅殻,2,ドラグライト鉱石,3,爆炎袋,3,ゲネポスの上皮,5
ホロロＳフォールド,0,1,5,0,5,8,0,44,120,-2,-2,1,1,0,睡眠,4,痛撃,2,観察眼,2,,,,,夜鳥の翼,3,夜鳥の尾羽,4,ドラグライト鉱石,5,昏睡袋,2
ホロロＳコート,0,2,5,0,5,8,0,22,60,-1,-2,1,1,0,睡眠,4,痛撃,2,観察眼,2,,,,,夜鳥の翼,3,夜鳥の尾羽,4,ドラグライト鉱石,5,昏睡袋,2
ザボアフォールド,0,1,5,0,5,8,0,46,122,-2,3,-4,4,0,寒冷適応,3,ガード性能,2,火耐性,-2,,,,,化け鮫の上皮,4,化け鮫の上ヒレ,2,化け鮫の刃尾,1,とがった牙,5
ザボアコート,0,2,5,0,5,8,0,23,61,-2,3,-4,5,0,寒冷適応,3,反動,2,火耐性,-2,,,,,化け鮫の上皮,4,化け鮫の上ヒレ,2,化け鮫の刃尾,1,とがった牙,5
フルフルＳフォールド,0,1,5,0,5,8,0,50,126,-4,1,4,2,1,回復量,4,,,,,,,,,真珠色の柔皮,2,電撃袋,2,鮫肌の鱗,4,生命の粉塵,3
フルフルＳコート,0,2,5,0,5,8,0,25,63,-4,1,5,2,1,回復量,4,,,,,,,,,真珠色の柔皮,2,電撃袋,2,鮫肌の鱗,4,生命の粉塵,3
フルフルＲフォールド,0,1,5,2,6,99,0,46,122,-4,1,4,2,1,回復速度,3,回復量,1,調合成功率,-2,,,,,獰猛化白柔皮,1,真珠色の柔皮,5,電撃袋,5,フルフル素材(pts),8
フルフルＲコート,0,2,5,2,6,99,0,23,61,-4,1,5,2,1,回復速度,3,回復量,1,調合成功率,-2,,,,,獰猛化白柔皮,1,真珠色の柔皮,5,電撃袋,5,フルフル素材(pts),8
スキュラフォールド,0,1,5,2,5,8,0,46,122,0,2,-2,1,2,体術,2,気絶,-2,,,,,,,影蜘蛛の堅殻,3,影蜘蛛の堅鋏角,3,堅牢な骨,1,飛甲虫の甲殻,4
スキュラコート,0,2,5,2,5,8,0,23,61,0,2,-2,1,3,体術,2,気絶,-2,,,,,,,影蜘蛛の堅殻,3,影蜘蛛の堅鋏角,3,堅牢な骨,1,飛甲虫の甲殻,4
レイアＳフォールド,0,1,5,1,5,8,0,50,126,3,0,-2,0,-3,体力,2,回復量,2,回復速度,-1,,,,,雌火竜の上鱗,3,爆炎袋,2,マレコガネ,1,紅蓮石,2
レイアＳコート,0,2,5,1,5,8,0,25,63,4,0,-2,0,-3,体力,2,回復量,1,回復速度,-1,,,,,雌火竜の上鱗,3,爆炎袋,2,マレコガネ,1,紅蓮石,2
EXレイアフォールド,0,1,5,0,8,6,1,54,130,3,0,-2,0,-3,回復量,3,野草知識,2,気配,-2,,,,,EX火竜チケット,1,雌火竜の上鱗,4,火竜の骨髄,1,獄炎石,3
EXレイアコート,0,2,5,0,8,6,1,27,65,4,0,-2,0,-3,回復量,2,野草知識,2,気配,-2,,,,,EX火竜チケット,1,雌火竜の上鱗,4,火竜の骨髄,1,獄炎石,3
レイアＲフォールド,0,1,5,0,6,99,0,46,122,3,0,-2,0,-3,体力,5,,,,,,,,,獰猛化雌火竜鱗,1,雌火竜の上鱗,5,爆炎袋,5,雌火竜素材(pts),8
レイアＲコート,0,2,5,0,6,99,0,23,61,4,0,-2,0,-3,体力,5,,,,,,,,,獰猛化雌火竜鱗,1,雌火竜の上鱗,5,爆炎袋,5,雌火竜素材(pts),8
ハプルＳフォールド,0,1,5,1,5,8,0,50,126,2,0,-1,-3,1,抜刀減気,4,,,,,,,,,潜口竜の尖爪,2,潜口竜の上皮,3,鮮やかな体液,4,イーオスの上紫鱗,3
ハプルＳコート,0,2,5,1,5,8,0,25,63,3,0,-1,-3,1,装填速度,4,,,,,,,,,潜口竜の尖爪,2,潜口竜の上皮,3,鮮やかな体液,4,イーオスの上紫鱗,3
ブランゴＳフォールド,0,1,5,0,4,8,0,50,126,-4,1,0,4,0,納刀,4,氷属性攻撃,2,体術,2,,,,,ブランゴの剛毛,4,雪獅子の髭,1,堅牢な骨,3,ファンゴの上毛皮,4
ブランゴＳコート,0,2,5,0,4,8,0,25,63,-4,1,0,5,0,納刀,4,氷属性攻撃,2,体術,2,,,,,ブランゴの剛毛,4,雪獅子の髭,1,堅牢な骨,3,ファンゴの上毛皮,4
EXブランゴフォールド,0,1,5,0,7,99,0,54,130,-4,1,0,4,0,溜め短縮,2,体術,2,スタミナ,-2,,,,,七色たんぽぽ,1,雪獅子の剛毛,4,雪獅子の鋭牙,2,ゲネポスの上皮,5
EXブランゴコート,0,2,5,0,7,99,0,27,65,-4,1,0,5,0,溜め短縮,2,体術,2,スタミナ,-2,,,,,七色たんぽぽ,1,雪獅子の剛毛,4,雪獅子の鋭牙,2,ゲネポスの上皮,5
ラヴァフォールド,0,1,5,1,5,8,0,56,132,4,-4,0,0,1,窮地,3,根性,2,,,,,,,溶岩竜の堅殻,4,溶岩竜の鋭牙,3,紅蓮石,3,古代魚,2
ラヴァコート,0,2,5,1,5,8,0,28,66,5,-4,0,0,1,窮地,2,根性,2,,,,,,,溶岩竜の堅殻,4,溶岩竜の鋭牙,3,紅蓮石,3,古代魚,2
EXラヴァフォールド,0,1,5,1,8,99,0,60,136,4,-4,0,0,1,窮地,3,逆境,2,,,,,,,EX溶岩竜チケット,1,溶岩竜の上鱗,5,溶岩竜の堅殻,6,紅蓮石,4
EXラヴァコート,0,2,5,1,8,99,0,30,68,5,-4,0,0,1,逆境,2,窮地,2,,,,,,,EX溶岩竜チケット,1,溶岩竜の上鱗,5,溶岩竜の堅殻,6,紅蓮石,4
ギザミＳフォールド,0,1,5,0,5,8,0,48,124,1,2,-1,-1,0,達人,4,斬れ味,2,,,,,,,鎌蟹の堅殻,3,鎌蟹の堅脚,3,紅蓮石,2,マレコガネ,2
ギザミＳコート,0,2,5,0,5,8,0,24,62,2,2,-1,-1,0,達人,4,弾薬節約,2,,,,,,,鎌蟹の堅殻,3,鎌蟹の堅脚,3,紅蓮石,2,マレコガネ,2
EXギザミフォールド,0,1,5,0,7,99,0,52,128,1,2,-1,-1,0,達人,3,匠,2,雷耐性,-2,,,,,七色たんぽぽ,1,鎌蟹の堅殻,4,鎌蟹の甲殻,4,堅竜骨,1
EXギザミコート,0,2,5,0,7,99,0,26,64,2,2,-1,-1,0,達人,3,通常弾強化,2,雷耐性,-2,,,,,七色たんぽぽ,1,鎌蟹の堅殻,4,鎌蟹の甲殻,4,堅竜骨,1
ギザミＲフォールド,0,1,5,1,6,99,0,44,120,1,2,-1,-1,0,斬れ味,4,達人,2,,,,,,,獰猛化鎌蟹殻,1,鎌蟹の堅殻,5,尖竜骨,3,鎌蟹素材(pts),8
ギザミＲコート,0,2,5,1,6,99,0,22,60,2,2,-1,-1,0,弾薬節約,4,達人,2,,,,,,,獰猛化鎌蟹殻,1,鎌蟹の堅殻,5,尖竜骨,3,鎌蟹素材(pts),8
ガララＳフォールド,0,1,5,1,5,8,0,56,132,1,-1,0,-3,1,捕獲,3,麻痺,2,聴覚保護,1,,,,,絞蛇竜の堅殻,5,絞蛇竜の牙,6,絞蛇竜の上皮,2,竜骨【大】,3
ガララＳコート,0,2,5,1,5,8,0,28,66,1,-1,1,-3,1,麻痺,2,捕獲,2,聴覚保護,1,,,,,絞蛇竜の堅殻,5,絞蛇竜の牙,6,絞蛇竜の上皮,2,竜骨【大】,3
ナルガＳフォールド,0,1,5,3,5,8,0,40,116,-2,1,-3,1,1,達人,2,,,,,,,,,迅竜の上黒毛,5,迅竜の尻尾,1,迅竜の鋭刃翼,3,青熊獣の堅殻,4
ナルガＳコート,0,2,5,3,5,8,0,20,58,-2,1,-2,1,1,達人,2,,,,,,,,,迅竜の上黒毛,5,迅竜の尻尾,1,迅竜の鋭刃翼,3,青熊獣の堅殻,4
ガルルガＳフォールド,0,1,5,2,5,8,0,56,132,2,-1,2,0,0,剣術,2,聴覚保護,1,採取,-1,,,,,黒狼鳥の上鱗,4,黒狼鳥の堅殻,4,爆炎袋,3,カブレライト鉱石,2
ガルルガＳコート,0,2,5,2,5,8,0,28,66,3,-1,2,0,0,変則射撃,2,聴覚保護,1,採取,-1,,,,,黒狼鳥の上鱗,4,黒狼鳥の堅殻,4,爆炎袋,3,カブレライト鉱石,2
ガンキンＳフォールド,0,1,5,1,5,8,0,64,140,3,-4,0,-1,-2,裂傷,2,防御,2,抜刀減気,2,,,,,爆鎚竜の上鱗,6,爆鎚竜の耐熱殻,4,爆鎚竜の甲殻,4,赤甲獣の堅殻,3
ガンキンＳコート,0,2,5,1,5,8,0,32,70,4,-4,0,-1,-2,裂傷,2,防御,2,散弾強化,2,,,,,爆鎚竜の上鱗,6,爆鎚竜の耐熱殻,4,爆鎚竜の甲殻,4,赤甲獣の堅殻,3
クロオビＳフォールド,0,1,5,0,5,99,0,50,126,3,3,3,3,3,会心強化,2,本気,2,,,,,,,タツジンチケット,1,ケチャコイン,2,マレコガネ,1,,
クロオビＳコート,0,2,5,0,5,99,0,25,63,3,3,3,3,4,会心強化,2,本気,2,,,,,,,タツジンチケット,1,ケチャコイン,2,マレコガネ,1,,
ガーディアンコイル,1,1,5,1,5,6,1,50,126,0,0,0,0,0,ガード性能,3,研ぎ師,1,気配,-2,,,,,ココットチケット,1,ノヴァクリスタル,2,海竜の鱗,3,盾蟹の堅殻,4
ガーディアンコート,1,2,5,1,5,6,1,25,63,0,0,0,0,0,ガード性能,3,装填速度,1,気配,-2,,,,,ココットチケット,1,ノヴァクリスタル,2,海竜の鱗,3,盾蟹の堅殻,4
ガーディアンＵコイル,1,1,5,1,5,6,1,54,130,0,0,0,0,0,ガード性能,3,砲術,1,気配,-2,,,,,ココットチケット,1,ノヴァクリスタル,2,火竜の鱗,3,盾蟹の堅殻,4
ガーディアンＵコート,1,2,5,1,5,6,1,27,65,0,0,0,0,0,ガード性能,3,反動,1,気配,-2,,,,,ココットチケット,1,ノヴァクリスタル,2,火竜の鱗,3,盾蟹の堅殻,4
スカラースカート,2,1,5,1,5,3,1,48,124,0,0,0,0,0,回避性能,3,笛,1,気配,-2,,,,,ユクモチケット,1,龍歴院チケット,1,赤甲獣の堅殻,5,カブレライト鉱石,5
スカラーフリル,2,2,5,1,5,3,1,24,62,0,0,0,0,0,回避性能,3,精密射撃,1,気配,-2,,,,,ユクモチケット,1,龍歴院チケット,1,赤甲獣の堅殻,5,カブレライト鉱石,5
セイラースカート,2,1,5,1,5,2,1,48,124,0,0,0,0,0,回避性能,3,溜め短縮,1,気配,-2,,,,,ユクモチケット,1,龍歴院チケット,1,真珠色の柔皮,4,海竜の鱗,5
セイラーフリル,2,2,5,1,5,2,1,24,62,0,0,0,0,0,回避性能,2,溜め短縮,1,気配,-2,,,,,ユクモチケット,1,龍歴院チケット,1,真珠色の柔皮,4,海竜の鱗,5
ブレイブＳフォールド,0,1,6,0,7,6,1,48,120,0,0,0,0,0,火属性攻撃,3,闘魂,2,乗り,2,,,,,ベルナチケット,1,勇気の証Ｇ,1,上質な毛皮,2,ランポスの上皮,8
ブレイブＳコート,0,2,6,0,7,6,1,24,60,1,1,1,1,1,火属性攻撃,3,闘魂,2,乗り,2,,,,,ベルナチケット,1,勇気の証Ｇ,1,上質な毛皮,2,ランポスの上皮,8
ドーベルコイル,0,1,6,1,6,9,0,54,126,-2,0,0,0,4,龍属性攻撃,3,気絶,2,属性耐性,2,,,,,堅竜骨,2,いにしえの龍骨,2,雷狼竜の尖爪,2,竜骨【中】,8
ドーベルコート,0,2,6,1,6,9,0,27,63,-2,0,0,0,5,龍属性攻撃,3,気絶,2,属性耐性,2,,,,,堅竜骨,2,いにしえの龍骨,2,雷狼竜の尖爪,2,竜骨【中】,8
ダマスクコイル,0,1,6,1,8,99,0,60,132,-1,2,-3,1,-1,無心,3,だるま,1,抜刀会心,1,,,,,骸龍の口腕甲,2,金火竜の上鱗,4,銀火竜の上鱗,4,骸棘殻,3
ダマスクコート,0,2,6,1,8,99,0,30,66,-1,2,-3,1,-1,無心,3,だるま,1,貫通弾強化,1,,,,,骸龍の口腕甲,2,金火竜の上鱗,4,銀火竜の上鱗,4,骸棘殻,3
ダマスクＲコイル,0,1,6,1,8,99,0,56,128,-1,2,-3,1,-1,抜刀会心,4,,,,,,,,,獰猛化狩猟の証,1,獰猛化海竜皮,2,尖骸棘殻,4,獰猛化素材(上位pts),8
ダマスクＲコート,0,2,6,1,8,99,0,28,64,-1,2,-3,1,-1,貫通弾強化,4,,,,,,,,,獰猛化狩猟の証,1,獰猛化海竜皮,2,尖骸棘殻,4,獰猛化素材(上位pts),8
クロムメタルコイル,0,1,6,0,7,99,0,56,128,-2,-2,-2,-2,4,胴系統倍加,1,,,,,,,,,勇気の証Ｇ,1,堅竜骨,6,ノヴァクリスタル,1,,
クロムメタルコート,0,2,6,0,7,99,0,28,64,-2,-2,-2,-2,5,胴系統倍加,1,,,,,,,,,勇気の証Ｇ,1,堅竜骨,6,ノヴァクリスタル,1,,
アーティアＳコイル,0,1,6,1,6,99,0,60,132,1,-2,-2,2,3,高速設置,5,,,,,,,,,太古の破片,1,さびた破片,2,獄炎石,3,ライトクリスタル,6
アーティアＳコート,0,2,6,1,6,99,0,30,66,3,-2,-2,2,3,高速設置,5,,,,,,,,,太古の破片,1,さびた破片,2,獄炎石,3,ライトクリスタル,6
アーティアＲコイル,0,1,6,0,7,99,0,56,128,1,-2,-2,2,3,雷属性攻撃,7,,,,,,,,,獰猛化狩猟の証,1,太古の破片,1,獄炎石,8,獰猛化素材(上位pts),8
アーティアＲコート,0,2,6,0,7,99,0,28,64,3,-2,-2,2,3,雷属性攻撃,7,,,,,,,,,獰猛化狩猟の証,1,太古の破片,1,獄炎石,8,獰猛化素材(上位pts),8
ベリオフォールド,0,1,6,2,6,9,0,52,124,-3,0,-1,3,0,跳躍,3,達人,1,スタミナ,-2,,,,,琥珀色の鋭牙,1,氷牙竜の棘,1,氷牙竜の上毛皮,3,白兎獣の腹甲,3
ベリオコート,0,2,6,2,6,9,0,26,62,-3,0,-1,4,0,跳躍,3,達人,1,スタミナ,-2,,,,,琥珀色の鋭牙,1,氷牙竜の棘,1,氷牙竜の上毛皮,3,白兎獣の腹甲,3
セルタスフォールド,0,1,6,0,4,9,0,60,132,-3,4,-2,-2,5,砲術,4,英雄の盾,2,斬れ味,1,,,,,徹甲虫の堅殻,4,徹甲虫の薄羽,2,徹甲虫の尖角,1,大水袋,3
セルタスコート,0,2,6,0,4,9,0,30,66,-3,4,-2,-2,6,砲術,4,英雄の盾,2,弾薬節約,1,,,,,徹甲虫の堅殻,4,徹甲虫の薄羽,2,徹甲虫の尖角,1,大水袋,3
レウスＳフォールド,0,1,6,2,6,9,0,58,130,4,0,-2,0,-4,攻撃,3,痛撃,2,,,,,,,火竜の堅殻,5,火竜の翼,3,上竜骨,5,ユニオン鉱石,2
レウスＳコート,0,2,6,2,6,9,0,29,65,5,0,-2,0,-4,攻撃,2,痛撃,2,,,,,,,火竜の堅殻,5,火竜の翼,3,上竜骨,5,ユニオン鉱石,2
EXレウスフォールド,0,1,6,2,8,6,1,62,134,4,0,-2,0,-4,炎熱適応,2,底力,2,,,,,,,EX火竜チケット,1,火竜の堅殻,5,火竜の骨髄,1,獄炎石,3
EXレウスコート,0,2,6,2,8,6,1,31,67,5,0,-2,0,-4,炎熱適応,2,底力,1,,,,,,,EX火竜チケット,1,火竜の堅殻,5,火竜の骨髄,1,獄炎石,3
レウスＲフォールド,0,1,6,0,7,99,0,54,126,4,0,-2,0,-4,攻撃,7,,,,,,,,,獰猛化火竜鱗,1,火竜の堅殻,5,火竜の翼,4,雄火竜素材(pts),8
レウスＲコート,0,2,6,0,7,99,0,27,63,5,0,-2,0,-4,攻撃,7,,,,,,,,,獰猛化火竜鱗,1,火竜の堅殻,5,火竜の翼,4,雄火竜素材(pts),8
ラギアＳフォールド,0,1,6,0,6,9,0,58,130,-3,2,4,-1,-2,気力回復,3,属性攻撃,2,ガード性能,2,,,,,海竜の高電殻,2,海竜の上鱗,5,海竜の尻尾,1,カブレライト鉱石,4
ラギアＳコート,0,2,6,0,6,9,0,29,65,-3,2,5,-1,-2,属性攻撃,2,貫通弾強化,2,気力回復,2,,,,,海竜の高電殻,2,海竜の上鱗,5,海竜の尻尾,1,カブレライト鉱石,4
ラギアＲフォールド,0,1,6,0,7,99,0,54,126,-3,2,4,-1,-2,ガード性能,5,属性攻撃,3,,,,,,,獰猛化海竜皮,1,海竜の上皮,4,海竜の高電殻,5,海竜素材(pts),8
ラギアＲコート,0,2,6,0,7,99,0,27,63,-3,2,5,-1,-2,貫通弾強化,5,属性攻撃,2,,,,,,,獰猛化海竜皮,1,海竜の上皮,4,海竜の高電殻,5,海竜素材(pts),8
ジンオウＳフォールド,0,1,6,1,6,9,0,58,130,0,-1,4,-4,1,属性会心,4,,,,,,,,,雷狼竜の堅殻,5,雷狼竜の高電毛,2,雷狼竜の尻尾,1,大猪の硬い皮,4
ジンオウＳコート,0,2,6,0,6,9,0,29,65,0,-1,5,-4,1,属性会心,4,,,,,,,,,雷狼竜の堅殻,5,雷狼竜の高電毛,2,雷狼竜の尻尾,1,大猪の硬い皮,4
EXジンオウフォールド,0,1,6,0,8,99,0,62,134,0,-1,4,-4,1,本気,3,連撃,2,気配,-2,,,,,EX雷狼竜チケット,1,雷狼竜の高電毛,5,雷狼竜の爪,6,電撃袋,4
EXジンオウコート,0,2,6,0,8,99,0,31,67,0,-1,5,-4,1,本気,3,連撃,2,気配,-2,,,,,EX雷狼竜チケット,1,雷狼竜の高電毛,5,雷狼竜の爪,6,電撃袋,4
グラビドフォールド,0,1,6,0,6,9,0,58,130,3,-3,1,0,-2,ガード性能,4,睡眠,3,攻撃,3,,,,,鎧竜の堅殻,3,鎧竜の翼,2,上竜骨,2,昏睡袋,2
グラビドコート,0,2,6,0,6,9,0,29,65,4,-3,1,0,-2,反動,4,睡眠,3,攻撃,3,,,,,鎧竜の堅殻,3,鎧竜の翼,2,上竜骨,2,昏睡袋,2
ミツネＳフォールド,0,1,6,0,6,9,0,50,122,0,2,-3,1,-1,泡沫,2,窮地,2,腹減り,2,,,,,泡狐竜の上鱗,3,泡狐竜の尻尾,2,大水袋,4,真珠色の柔皮,4
ミツネＳコート,0,2,6,0,6,9,0,25,61,0,2,-2,1,-1,泡沫,2,窮地,2,腹減り,2,,,,,泡狐竜の上鱗,3,泡狐竜の尻尾,2,大水袋,4,真珠色の柔皮,4
ゼクスＳフォールド,0,1,6,0,6,9,0,58,130,0,-2,3,-3,2,気絶,2,連撃,2,気力回復,2,,,,,電竜の高電膜,2,電竜の鋭翼爪,4,高圧電甲,4,超電雷光虫,7
ゼクスＳコート,0,2,6,0,6,9,0,29,65,0,-2,4,-3,2,気絶,2,連撃,2,気力回復,2,,,,,電竜の高電膜,2,電竜の鋭翼爪,4,高圧電甲,4,超電雷光虫,7
ガムートＳフォールド,0,1,6,0,6,9,0,66,138,-3,1,-1,3,2,寒冷適応,3,耐震,2,重撃,1,,,,,巨獣の剛毛,4,巨獣の堅牙,2,巨獣の赤毛,5,大猪の大牙,4
ガムートＳコート,0,2,6,0,6,9,0,33,69,-3,1,-1,4,2,寒冷適応,2,重撃弾強化,2,重撃,1,,,,,巨獣の剛毛,4,巨獣の堅牙,2,巨獣の赤毛,5,大猪の大牙,4
ディノＳフォールド,0,1,6,2,6,9,0,60,132,3,-3,1,0,-1,匠,3,研磨術,1,,,,,,,斬竜の堅殻,2,斬竜の鋭牙,4,斬竜の上鱗,3,紅蓮石,5
ディノＳコート,0,2,6,2,6,9,0,30,66,4,-3,1,0,-1,射法,3,研磨術,1,,,,,,,斬竜の堅殻,2,斬竜の鋭牙,4,斬竜の上鱗,3,紅蓮石,5
アグナフォールド,0,1,6,0,6,9,0,60,132,4,-4,0,-1,0,炎熱適応,3,ガード性能,2,,,,,,,炎戈竜の上ヒレ,3,炎戈竜の燃鱗,4,溶岩獣の上鱗,8,イーオスの大皮,5
アグナコート,0,2,6,0,6,9,0,30,66,6,-4,0,-1,0,炎熱適応,2,反動,2,,,,,,,炎戈竜の上ヒレ,3,炎戈竜の燃鱗,4,溶岩獣の上鱗,8,イーオスの大皮,5
ゴアＳフォールド,0,1,6,1,6,9,0,60,132,-2,2,-1,2,-2,狂撃耐性,3,回避性能,3,,,,,,,黒蝕竜の上暗翼,2,黒蝕竜の堅殻,5,黒蝕竜の尖触角,1,黒蝕竜の尻尾,1
ゴアＳコート,0,2,6,1,6,9,0,30,66,-2,3,-1,2,-2,狂撃耐性,3,回避性能,3,,,,,,,黒蝕竜の上暗翼,2,黒蝕竜の堅殻,5,黒蝕竜の尖触角,1,黒蝕竜の尻尾,1
EXゴアフォールド,0,1,6,1,8,99,0,64,136,-2,2,-1,2,-2,細菌学,3,闘魂,3,,,,,,,EX黒蝕竜チケット,1,黒蝕竜の上鱗,5,黒蝕竜の尻尾,3,天廻龍の鋭浄爪,3
EXゴアコート,0,2,6,1,8,99,0,32,68,-2,3,-1,2,-2,細菌学,3,闘魂,3,,,,,,,EX黒蝕竜チケット,1,黒蝕竜の上鱗,5,黒蝕竜の尻尾,3,天廻龍の鋭浄爪,3
ゴアＲフォールド,0,1,6,1,8,99,0,56,128,-2,2,-1,2,-2,闘魂,4,,,,,,,,,獰猛化黒蝕竜鱗,1,黒蝕竜の上鱗,5,黒蝕竜の鋭惨爪,5,黒蝕竜素材(pts),8
ゴアＲコート,0,2,6,1,8,99,0,28,64,-2,3,-1,2,-2,闘魂,4,,,,,,,,,獰猛化黒蝕竜鱗,1,黒蝕竜の上鱗,5,黒蝕竜の鋭惨爪,5,黒蝕竜素材(pts),8
レギオスＳフォールド,0,1,6,2,7,10,0,60,132,2,0,-3,-2,0,抜刀会心,2,体術,2,,,,,,,千刃竜の鋭刃鱗,5,千刃竜の飛刃,4,千刃竜の尖翼爪,4,砂竜の上ヒレ,4
レギオスＳコート,0,2,6,2,7,10,0,30,66,4,0,-3,-2,0,射法,2,体術,2,,,,,,,千刃竜の鋭刃鱗,5,千刃竜の飛刃,4,千刃竜の尖翼爪,4,砂竜の上ヒレ,4
ドボルフォールド,0,1,6,1,6,9,0,66,138,-3,2,1,-2,1,重撃,3,溜め短縮,1,,,,,,,尾槌竜の堅苔甲,4,尾槌竜の堅殻,4,大猪の大牙,3,ファンゴの上毛皮,6
ドボルコート,0,2,6,1,6,9,0,33,69,-2,2,1,-2,1,重撃,3,溜め短縮,1,,,,,,,尾槌竜の堅苔甲,4,尾槌竜の堅殻,4,大猪の大牙,3,ファンゴの上毛皮,6
レックスＳフォールド,0,1,6,0,6,9,0,60,132,2,0,-3,0,-2,食事,4,聴覚保護,3,回復量,-2,,,,,轟竜の堅殻,4,轟竜の上鱗,3,堅竜骨,3,ドスヘラクレス,5
レックスＳコート,0,2,6,0,6,9,0,30,66,4,0,-3,0,-2,聴覚保護,3,食事,3,回復量,-2,,,,,轟竜の堅殻,4,轟竜の上鱗,3,堅竜骨,3,ドスヘラクレス,5
EXレックスフォールド,0,1,6,0,8,6,1,64,136,2,0,-3,0,-2,食事,3,逆上,2,肉食,2,,,,,EX轟竜チケット,1,轟竜の堅殻,6,轟竜の尻尾,3,溶岩竜の鋭牙,4
EXレックスコート,0,2,6,0,8,6,1,32,68,4,0,-3,0,-2,食事,3,逆上,2,肉食,2,,,,,EX轟竜チケット,1,轟竜の堅殻,6,轟竜の尻尾,3,溶岩竜の鋭牙,4
レックスＲフォールド,0,1,6,0,8,99,0,56,128,2,0,-3,0,-2,聴覚保護,5,,,,,,,,,獰猛化轟竜鱗,1,轟竜の上鱗,5,轟竜の堅殻,6,轟竜素材(pts),8
レックスＲコート,0,2,6,0,8,99,0,28,64,4,0,-3,0,-2,聴覚保護,5,,,,,,,,,獰猛化轟竜鱗,1,轟竜の上鱗,5,轟竜の堅殻,6,轟竜素材(pts),8
キリンＳフープ,0,1,6,1,6,9,0,64,136,-1,-1,3,0,2,加護,3,スタミナ,2,属性攻撃,1,,,,,キリンの上皮,1,キリンの皮,3,キリンの蒼角,2,電撃袋,3
キリンＳショルト,0,2,6,1,6,9,0,32,68,-1,-1,4,0,2,スタミナ,2,加護,2,属性攻撃,1,,,,,キリンの上皮,1,キリンの皮,3,キリンの蒼角,2,電撃袋,3
キリンＲフープ,0,1,6,0,7,99,0,60,132,-1,-1,3,0,2,属性攻撃,5,,,,,,,,,獰猛な帯電毛,1,キリンの雷尾,3,キリンの皮,5,獰猛化素材(上位pts),8
キリンＲショルト,0,2,6,0,7,99,0,30,66,-1,-1,4,0,2,属性攻撃,5,,,,,,,,,獰猛な帯電毛,1,キリンの雷尾,3,キリンの皮,5,獰猛化素材(上位pts),8
ブラキＳフォールド,0,1,6,0,7,10,0,62,134,2,-4,0,-2,0,闘魂,4,細菌学,1,,,,,,,砕竜の剛拳,2,砕竜の尻尾,1,砕竜の堅殻,4,カワズの殿油,2
ブラキＳコート,0,2,6,0,7,10,0,31,67,2,-3,0,-2,0,闘魂,4,細菌学,1,,,,,,,砕竜の剛拳,2,砕竜の尻尾,1,砕竜の堅殻,4,カワズの殿油,2
EXブラキフォールド,0,1,6,3,8,99,0,66,138,2,-4,0,-2,0,匠,1,爆弾強化,1,,,,,,,EX砕竜チケット,1,砕竜の剛拳,4,砕竜の尻尾,3,獄炎石,7
EXブラキコート,0,2,6,3,8,99,0,33,69,2,-3,0,-2,0,速射,1,爆弾強化,1,,,,,,,EX砕竜チケット,1,砕竜の剛拳,4,砕竜の尻尾,3,獄炎石,7
金色ノ帯,0,1,6,1,6,10,0,66,138,2,1,3,-5,2,無心,3,攻撃,1,気配,-2,,,,,金獅子の尖角,1,金獅子の黒毛,3,金獅子の鋭牙,4,炎の龍鱗,2
黒子ノ帯,0,2,6,1,6,10,0,33,69,2,1,3,-4,2,無心,3,気配,2,攻撃,1,,,,,金獅子の尖角,1,金獅子の黒毛,3,金獅子の鋭牙,4,炎の龍鱗,2
バンギスコイル,0,1,6,2,6,10,0,66,138,0,0,-4,0,-4,痛撃,2,重撃,2,腹減り,-2,,,,,恐暴竜の黒皮,4,恐暴竜の鉤爪,3,恐暴竜の黒鱗,6,迅竜の骨髄,1
バンギスコート,0,2,6,2,6,10,0,33,69,0,0,-3,0,-4,痛撃,2,重撃,2,腹減り,-2,,,,,恐暴竜の黒皮,4,恐暴竜の鉤爪,3,恐暴竜の黒鱗,6,迅竜の骨髄,1
ギルドナイトコイル,1,1,6,1,6,6,1,50,122,0,0,0,0,0,采配,2,運気,2,,,,,,,ギルドチケット,1,ランポスの大上皮,5,上質な毛皮,4,モンスターの体液,3
ギルドナイトスカート,1,2,6,1,6,6,1,25,61,0,0,0,0,0,采配,2,運気,2,,,,,,,ギルドチケット,1,ランポスの大上皮,5,上質な毛皮,4,モンスターの体液,3
メイドＳスカート,2,1,6,1,7,99,0,50,122,0,0,0,0,0,采配,2,運気,2,,,,,,,ココットチケット,1,ランポスの大上皮,5,上質な毛皮,4,モンスターの体液,3
プライベートＳフリル,2,2,6,1,7,99,0,25,61,0,0,0,0,0,采配,2,運気,2,,,,,,,ココットチケット,1,ランポスの大上皮,5,上質な毛皮,4,モンスターの体液,3
ギルドガードコイル蒼,1,1,6,1,6,6,1,50,122,0,0,0,0,0,采配,2,護石王,2,,,,,,,ギルドチケット,1,ポッケチケット,1,青熊獣の剛毛,6,鎌蟹の甲殻,4
ギルドガードコート蒼,1,2,6,1,6,6,1,25,61,0,0,0,0,0,采配,2,護石王,2,,,,,,,ギルドチケット,1,ポッケチケット,1,青熊獣の剛毛,6,鎌蟹の甲殻,4
ギルドガードコイル蒼,2,1,6,1,6,6,1,50,122,0,0,0,0,0,采配,2,護石王,2,,,,,,,ギルドチケット,1,ポッケチケット,1,青熊獣の剛毛,6,鎌蟹の甲殻,4
ギルドガードコート蒼,2,2,6,1,6,6,1,25,61,0,0,0,0,0,采配,2,護石王,2,,,,,,,ギルドチケット,1,ポッケチケット,1,青熊獣の剛毛,6,鎌蟹の甲殻,4
ギルドガードコイル紅,1,1,6,1,6,6,1,50,122,0,0,0,0,0,采配,2,剥ぎ取り,2,,,,,,,ギルドチケット,1,ポッケチケット,1,盾蟹の堅殻,6,イーオスの鱗,10
ギルドガードコート紅,1,2,6,1,6,6,1,25,61,0,0,0,0,0,采配,2,剥ぎ取り,2,,,,,,,ギルドチケット,1,ポッケチケット,1,盾蟹の堅殻,6,イーオスの鱗,10
ギルドガードコイル紅,2,1,6,1,6,6,1,50,122,0,0,0,0,0,采配,2,剥ぎ取り,2,,,,,,,ギルドチケット,1,ポッケチケット,1,盾蟹の堅殻,6,イーオスの鱗,10
ギルドガードコート紅,2,2,6,1,6,6,1,25,61,0,0,0,0,0,采配,2,剥ぎ取り,2,,,,,,,ギルドチケット,1,ポッケチケット,1,盾蟹の堅殻,6,イーオスの鱗,10
ヘルパーＳスカート,2,1,6,1,6,5,1,50,122,0,0,0,0,0,広域,3,回復量,2,,,,,,,ポッケチケット,1,ノヴァクリスタル,2,雪獅子の毛,3,盾蟹の堅殻,4
ヒーラーＳフリル,2,2,6,1,6,5,1,25,61,0,0,0,0,0,広域,3,回復量,2,,,,,,,ポッケチケット,1,ノヴァクリスタル,2,雪獅子の毛,3,盾蟹の堅殻,4
ヘルパーＵスカート,2,1,6,3,6,5,1,50,122,0,0,0,0,0,,,,,,,,,,,ポッケチケット,1,ノヴァクリスタル,2,迅竜の黒毛,3,盾蟹の堅殻,4
ヒーラーＵフリル,2,2,6,3,6,5,1,25,61,0,0,0,0,0,,,,,,,,,,,ポッケチケット,1,ノヴァクリスタル,2,迅竜の黒毛,3,盾蟹の堅殻,4
ギルドバードＳコイル,1,1,6,1,6,6,1,50,122,0,0,0,0,0,号令,2,運気,2,,,,,,,ギルドチケット,1,龍歴院チケット,1,雷狼竜の高電毛,4,カブレライト鉱石,5
ギルドバードＳコート,1,2,6,1,6,6,1,25,61,0,0,0,0,0,号令,2,運気,2,,,,,,,ギルドチケット,1,龍歴院チケット,1,雷狼竜の高電毛,4,カブレライト鉱石,5
三眼の腰飾り,0,0,6,3,6,9,0,15,51,0,0,0,0,0,,,,,,,,,,,堅竜骨,2,ノヴァクリスタル,2,,,,
撫子・華【枝垂】,2,1,6,1,7,5,1,50,122,0,0,0,0,0,無心,2,千里眼,2,観察眼,2,,,,,ユクモチケット,1,ユクモの堅木,2,尾槌竜の堅尾甲,4,ノヴァクリスタル,2
桔梗・華【枝垂】,2,2,6,1,7,5,1,25,61,0,0,0,0,0,無心,2,千里眼,2,観察眼,2,,,,,ユクモチケット,1,ユクモの堅木,2,尾槌竜の堅尾甲,4,ノヴァクリスタル,2
エースフォールド,1,1,6,0,8,99,0,50,122,0,0,0,0,0,斬れ味,2,剣術,2,気力回復,2,,,,,ベルナチケット,1,獰猛化白柔皮,1,火竜の翼,3,古龍の血,2
エースコート,1,2,6,0,8,99,0,25,61,0,0,0,0,0,装填数,2,弾薬節約,2,気力回復,2,,,,,ベルナチケット,1,獰猛化白柔皮,1,火竜の翼,3,古龍の血,2
クイーンフォールド,2,1,6,0,8,99,0,50,122,0,0,0,0,0,斬れ味,2,剣術,2,気力回復,2,,,,,ベルナチケット,1,獰猛化白柔皮,1,火竜の翼,3,古龍の血,2
クイーンコート,2,2,6,0,8,99,0,25,61,0,0,0,0,0,装填数,2,弾薬節約,2,気力回復,2,,,,,ベルナチケット,1,獰猛化白柔皮,1,火竜の翼,3,古龍の血,2
ホークコイル,1,1,6,0,7,6,1,50,122,0,0,0,0,0,狂撃耐性,3,食事,2,体術,1,,,,,ベルナチケット,1,上質な毛皮,2,重甲虫の大顎,3,奇猿狐の剛毛,2
ホークコート,1,2,6,0,7,6,1,25,61,0,0,0,0,0,狂撃耐性,3,食事,2,体術,1,,,,,ベルナチケット,1,上質な毛皮,2,重甲虫の大顎,3,奇猿狐の剛毛,2
グルニャンＳサロン,0,1,6,0,6,99,0,56,128,1,1,1,1,1,研ぎ師,3,回復量,3,スタミナ,2,,,,,獰猛化エキス,1,ビストロチケット,2,ユクモチケット,1,雪獅子の剛毛,5
グルニャンＳエプロン,0,2,6,0,6,99,0,28,64,1,1,1,1,1,弾薬節約,3,スタミナ,2,回復量,2,,,,,獰猛化エキス,1,ビストロチケット,2,ユクモチケット,1,雪獅子の剛毛,5
サージュＳコイル,0,1,6,1,6,4,1,50,122,0,0,0,0,0,細菌学,3,捕獲,3,,,,,,,龍歴院チケット,1,雲羊鹿の毛玉,5,獰猛な牙,2,泡狐竜の上錦ヒレ,2
サージュＳコート,0,2,6,1,6,4,1,25,61,0,0,0,0,0,細菌学,3,捕獲,3,,,,,,,龍歴院チケット,1,雲羊鹿の毛玉,5,獰猛な牙,2,泡狐竜の上錦ヒレ,2
城塞遊撃隊【鎖帯】,0,1,6,0,8,6,1,56,128,0,0,0,0,0,跳躍,4,攻撃,3,気力回復,3,,,,,ギルドチケット,1,盾蟹の尖爪,4,大水袋,4,盾蟹の小殻,10
城塞弓撃隊【弾帯】,0,2,6,0,8,6,1,28,64,0,0,0,0,0,跳躍,4,気力回復,3,攻撃,2,,,,,ギルドチケット,1,盾蟹の尖爪,4,大水袋,4,盾蟹の小殻,10
忍の帯・天,0,1,7,1,8,6,1,56,128,2,-1,2,-1,1,痛撃,3,気配,2,,,,,,,ギルドチケット,1,煌黒龍の翼膜,1,火竜の堅殻,5,古龍の血,2
忍の帯・地,0,2,7,1,8,6,1,28,64,2,-1,2,-1,2,痛撃,3,気配,2,,,,,,,ギルドチケット,1,煌黒龍の翼膜,1,火竜の堅殻,5,古龍の血,2
忍の帯・空,0,1,7,1,8,6,1,60,132,2,-1,2,-1,1,特殊会心,3,連撃,2,,,,,,,ギルドチケット,1,煌黒龍の翼膜,1,銀火竜の堅殻,3,古龍の血,2
忍の帯・海,0,2,7,1,8,6,1,30,66,2,-1,2,-1,2,特殊会心,3,連撃,2,,,,,,,ギルドチケット,1,煌黒龍の翼膜,1,銀火竜の堅殻,3,古龍の血,2
龍歴士コイル,0,1,7,1,7,6,1,66,138,2,2,-2,-2,2,研磨術,3,寒冷適応,2,炎熱適応,2,,,,,ベルナチケット,2,龍歴院チケット,2,勇気の証Ｇ,2,竜玉,1
龍歴士コート,0,2,7,1,7,6,1,33,69,2,2,-2,-2,3,寒冷適応,2,炎熱適応,2,研磨術,2,,,,,ベルナチケット,2,龍歴院チケット,2,勇気の証Ｇ,2,竜玉,1
マスターフォールド,0,1,7,1,7,6,1,66,138,2,-2,2,-2,2,加護,3,無心,2,英雄の盾,2,,,,,ココットチケット,2,勇気の証Ｇ,2,いにしえの龍骨,3,竜玉,1
マスターコート,0,2,7,1,7,6,1,33,69,3,-2,2,-2,2,無心,2,加護,2,英雄の盾,2,,,,,ココットチケット,2,勇気の証Ｇ,2,いにしえの龍骨,3,竜玉,1
ブラックＳスパイン,0,1,7,0,8,10,0,66,138,2,2,2,2,-5,属性耐性,3,抜刀会心,2,溜め短縮,2,,,,,発光する上粘液,2,ポッケチケット,2,黒い塊,2,いにしえの龍骨,3
ブラックＳスケイル,0,2,7,0,8,10,0,33,69,2,2,2,3,-5,属性耐性,3,貫通弾強化,2,溜め短縮,2,,,,,発光する上粘液,2,ポッケチケット,2,黒い塊,2,いにしえの龍骨,3
桐花【腰当て】,0,1,7,1,8,99,0,66,138,-2,2,2,2,-2,連撃,2,属性会心,2,会心強化,2,,,,,ユクモチケット,2,足湯チケット,1,希望の証Ｇ,2,古龍の浄血,1
三葵【腰当て】,0,2,7,1,8,99,0,33,69,-2,2,3,2,-2,連撃,2,属性会心,2,会心強化,2,,,,,ユクモチケット,2,足湯チケット,1,希望の証Ｇ,2,古龍の浄血,1
ウィズダムコイル,0,1,7,2,99,10,0,62,134,0,0,0,0,0,我慢,2,ＳＰ延長,1,調合数,1,腹減り,-2,,,勇気の証Ｇ,1,雲羊鹿の毛玉,4,泡狐竜の上錦ヒレ,3,龍神カズラ,4
ウィズダムコート,0,2,7,2,99,10,0,31,67,0,0,0,0,0,我慢,2,ＳＰ延長,1,調合数,1,腹減り,-2,,,勇気の証Ｇ,1,雲羊鹿の毛玉,4,泡狐竜の上錦ヒレ,3,龍神カズラ,4
チアフルベルト,2,1,7,1,99,9,0,48,120,0,0,0,0,0,体力,4,剣術,-2,,,,,,,勇気の証,1,上質な毛皮,3,龍神カズラ,3,雌火竜の翼膜,3
チアフルバンド,2,2,7,1,99,9,0,24,60,0,0,0,0,0,体力,3,精密射撃,-2,,,,,,,勇気の証,1,上質な毛皮,3,龍神カズラ,3,雌火竜の翼膜,3
マリネロスカート,2,1,7,1,99,9,0,50,122,0,0,0,0,0,特殊攻撃,2,連撃,1,属性攻撃,-2,,,,,勇気の証,1,龍歴院チケット,1,氷牙竜の上毛皮,4,海竜の鱗,5
マリネロフリル,2,2,7,1,99,9,0,25,61,0,0,0,0,0,特殊攻撃,1,速射,1,属性攻撃,-2,,,,,勇気の証,1,龍歴院チケット,1,氷牙竜の上毛皮,4,海竜の鱗,5
EXレイアＳフォールド,0,1,7,0,8,6,1,64,136,4,0,-3,0,-4,ガード強化,3,ガード性能,2,根性,2,,,,,EX火竜チケットＳ,1,雌火竜の上鱗,4,火竜の骨髄,1,獄炎石,3
EXレイアＳコート,0,2,7,0,8,6,1,32,68,6,0,-3,0,-4,ガード性能,2,ガード強化,2,根性,2,,,,,EX火竜チケットＳ,1,雌火竜の上鱗,4,火竜の骨髄,1,獄炎石,3
EXレウスＳフォールド,0,1,7,2,8,6,1,64,136,5,0,-4,0,-4,攻撃,2,痛撃,2,炎熱適応,1,,,,,EX火竜チケットＳ,1,火竜の堅殻,5,火竜の骨髄,1,獄炎石,3
EXレウスＳコート,0,2,7,2,8,6,1,32,68,6,0,-4,0,-4,痛撃,2,炎熱適応,1,攻撃,1,,,,,EX火竜チケットＳ,1,火竜の堅殻,5,火竜の骨髄,1,獄炎石,3
EXレックスＳコイル,0,1,7,1,8,6,1,64,136,2,0,-4,0,-3,気力回復,4,体術,3,,,,,,,EX轟竜チケットＳ,1,轟竜の堅殻,6,轟竜の尻尾,3,黒蝕竜の鋭惨爪,3
EXレックスＳコート,0,2,7,1,8,6,1,32,68,4,0,-4,0,-3,体術,3,気力回復,3,,,,,,,EX轟竜チケットＳ,1,轟竜の堅殻,6,轟竜の尻尾,3,黒蝕竜の鋭惨爪,3
ディアブロコイル,0,1,7,0,8,10,1,66,138,3,-1,-1,-3,-1,納刀研磨,5,闘魂,2,抜刀会心,1,,,,,角竜の堅甲,2,角竜の牙,1,角竜の堅殻,2,ノヴァクリスタル,2
ディアブロコート,0,2,7,0,8,10,1,33,69,3,0,0,-3,0,納刀,5,装填速度,1,闘魂,1,,,,,角竜の堅甲,2,角竜の牙,1,角竜の堅殻,2,ノヴァクリスタル,2
ディアブロＲコイル,0,1,7,1,8,99,0,60,132,3,-1,-1,-3,-1,納刀研磨,6,,,,,,,,,角竜の堅殻,3,獰猛な尖角,1,角竜の尾甲,2,角竜素材(上位pts),6
ディアブロＲコート,0,2,7,1,8,99,0,30,66,3,0,0,-3,0,納刀,6,,,,,,,,,角竜の堅殻,3,獰猛な尖角,1,角竜の尾甲,2,角竜素材(上位pts),6
アークＳフォールド,1,1,7,2,7,10,0,68,140,-2,2,0,2,-4,無傷,2,節食,2,匠,1,,,,,天廻龍の上虹翼,2,天廻龍の堅殻,5,天廻龍の尻尾,1,ノヴァクリスタル,3
アークＳコート,1,2,7,2,7,10,0,34,70,-2,2,0,2,-3,無傷,2,節食,2,通常弾強化,1,,,,,天廻龍の上虹翼,2,天廻龍の堅殻,5,天廻龍の尻尾,1,ノヴァクリスタル,3
フィリアＳフォールド,2,1,7,2,7,10,0,68,140,-2,2,0,2,-4,無傷,2,節食,2,匠,1,,,,,天廻龍の上虹翼,2,天廻龍の堅殻,5,天廻龍の尻尾,1,ノヴァクリスタル,3
フィリアＳコート,2,2,7,2,7,10,0,34,70,-2,2,0,2,-3,無傷,2,節食,2,通常弾強化,1,,,,,天廻龍の上虹翼,2,天廻龍の堅殻,5,天廻龍の尻尾,1,ノヴァクリスタル,3
EXアークフォールド,1,1,7,2,7,6,1,72,144,-2,2,0,2,-4,チャンス,2,節食,2,ガード性能,1,,,,,EX天廻龍チケット,1,天廻龍の上鱗,5,天廻龍の尻尾,3,黒蝕竜の鋭惨爪,3
EXアークコート,1,2,7,2,7,6,1,36,72,-2,2,0,2,-3,チャンス,2,節食,2,反動,1,,,,,EX天廻龍チケット,1,天廻龍の上鱗,5,天廻龍の尻尾,3,黒蝕竜の鋭惨爪,3
EXフィリアフォールド,2,1,7,2,7,6,1,72,144,-2,2,0,2,-4,チャンス,2,節食,2,ガード性能,1,,,,,EX天廻龍チケット,1,天廻龍の上鱗,5,天廻龍の尻尾,3,黒蝕竜の鋭惨爪,3
EXフィリアコート,2,2,7,2,7,6,1,36,72,-2,2,0,2,-3,チャンス,2,節食,2,反動,1,,,,,EX天廻龍チケット,1,天廻龍の上鱗,5,天廻龍の尻尾,3,黒蝕竜の鋭惨爪,3
アークＲフォールド,1,1,7,3,8,99,0,64,136,-2,2,0,2,-4,無傷,2,匠,1,,,,,,,獰猛な蝕龍鱗,1,天廻龍の堅殻,5,獰猛化黒蝕竜鱗,1,天廻龍素材(pts),8
アークＲコート,1,2,7,3,8,99,0,32,68,-2,2,0,2,-3,無傷,2,,,,,,,,,獰猛な蝕龍鱗,1,天廻龍の堅殻,5,獰猛化黒蝕竜鱗,1,天廻龍素材(pts),8
フィリアＲフォールド,2,1,7,3,8,99,0,64,136,-2,2,0,2,-4,無傷,2,匠,1,,,,,,,獰猛な蝕龍鱗,1,天廻龍の堅殻,5,獰猛化黒蝕竜鱗,1,天廻龍素材(pts),8
フィリアＲコート,2,2,7,3,8,99,0,32,68,-2,2,0,2,-3,無傷,2,,,,,,,,,獰猛な蝕龍鱗,1,天廻龍の堅殻,5,獰猛化黒蝕竜鱗,1,天廻龍素材(pts),8
バルクフォールド,0,1,7,1,99,10,0,70,142,-2,-2,-2,-2,3,攻撃,3,走行継続,2,龍気,2,達人,-2,,,天彗龍の上鱗,4,天彗龍の槍翼,1,古龍の血,2,天廻龍の上鱗,3
バルクコート,0,2,7,1,99,10,0,35,71,-2,-2,-2,-2,4,攻撃,3,走行継続,2,龍気,2,達人,-2,,,天彗龍の上鱗,4,天彗龍の槍翼,1,古龍の血,2,天廻龍の上鱗,3
クシャナＳアンダ,0,1,7,1,9,99,0,72,144,-1,2,-2,3,-3,耐暑,3,匠,3,毒,-2,,,,,鋼龍の堅殻,2,鋼龍の尖爪,2,鋼龍の尻尾,1,獄炎石,1
クシャナＳアドミ,0,2,7,1,9,99,0,36,72,-1,2,-2,5,-3,耐暑,2,速射,2,毒,-2,,,,,鋼龍の堅殻,2,鋼龍の尖爪,2,鋼龍の尻尾,1,獄炎石,1
EXクシャナアンダ,0,1,7,1,8,99,0,76,148,-1,2,-2,3,-3,跳躍,4,ガード性能,3,,,,,,,EX鋼龍チケット,1,鋼龍の堅殻,5,鋼龍の尖爪,5,鋼龍素材(pts),8
EXクシャナアドミ,0,2,7,1,8,99,0,38,74,-1,2,-2,5,-3,跳躍,4,装填速度,3,,,,,,,EX鋼龍チケット,1,鋼龍の堅殻,5,鋼龍の尖爪,5,鋼龍素材(pts),8
クシャナＲアンダ,0,1,7,1,9,99,0,68,140,-1,2,-2,3,-3,匠,4,毒,-4,,,,,,,古龍の浄血,1,獰猛な氷塊,2,鋼龍の尻尾,3,獰猛化素材(上位pts),8
クシャナＲアドミ,0,2,7,1,9,99,0,34,70,-1,2,-2,5,-3,装填数,4,毒,-4,,,,,,,古龍の浄血,1,獰猛な氷塊,2,鋼龍の尻尾,3,獰猛化素材(上位pts),8
ミヅハ覇【丸帯】,0,1,7,2,9,99,0,56,128,-5,1,0,2,-3,風圧,2,特殊攻撃,2,聴覚保護,1,,,,,霞龍の上皮,2,霞龍の尻尾,1,霞龍の尖爪,2,ノヴァクリスタル,1
トヨタマ覇【丸帯】,0,2,7,2,9,99,0,28,64,-4,1,0,2,-3,風圧,2,特殊攻撃,2,聴覚保護,1,,,,,霞龍の上皮,2,霞龍の尻尾,1,霞龍の尖爪,2,ノヴァクリスタル,1
EXミヅハ【丸帯】,0,1,7,0,8,99,0,60,132,-5,1,0,2,-3,聴覚保護,3,茸食,3,笛,2,,,,,EX霞龍チケット,1,霞龍の上皮,5,霞龍の尖爪,5,,
EXトヨタマ【丸帯】,0,2,7,0,8,99,0,30,66,-4,1,0,2,-3,聴覚保護,3,気配,2,茸食,2,,,,,EX霞龍チケット,1,霞龍の上皮,5,霞龍の尖爪,5,,
カイザーＳフォールド,0,1,7,0,9,99,0,66,138,4,-4,1,-1,-3,闘魂,4,毒,2,気力回復,2,,,,,獄炎の龍鱗,4,炎龍の塵粉,2,炎王龍の尻尾,1,古龍の血,3
カイザーＳコート,0,2,7,0,9,99,0,33,69,4,-3,1,-1,-3,闘魂,3,毒,2,気力回復,2,,,,,獄炎の龍鱗,4,炎龍の塵粉,2,炎王龍の尻尾,1,古龍の血,3
EXカイザーフォールド,0,1,7,0,8,99,0,70,142,4,-4,1,-1,-3,達人,4,回避性能,3,聴覚保護,2,,,,,EX炎王龍チケット,1,炎王龍の堅殻,5,炎龍の塵粉,4,,
EXカイザーコート,0,2,7,0,8,99,0,35,71,4,-3,1,-1,-3,達人,4,聴覚保護,2,回避性能,2,,,,,EX炎王龍チケット,1,炎王龍の堅殻,5,炎龍の塵粉,4,,
シルバーソルコイル,0,1,7,2,7,99,0,66,138,2,-6,-4,0,4,痛撃,2,会心強化,1,気絶,-2,,,,,銀火竜の堅殻,4,火竜の翼,3,火竜の骨髄,2,爆炎袋,3
シルバーソルコート,0,2,7,2,7,99,0,33,69,2,-5,-4,0,4,痛撃,2,会心強化,1,気絶,-2,,,,,銀火竜の堅殻,4,火竜の翼,3,火竜の骨髄,2,爆炎袋,3
EXＳ・ソルコイル,0,1,7,0,8,99,0,70,142,2,-6,-4,0,4,剥ぎ取り,4,護石王,2,剣術,-3,,,,,EX銀火竜チケット,1,銀火竜の上鱗,5,火竜の骨髄,3,,
EXＳ・ソルコート,0,2,7,0,8,99,0,35,71,2,-5,-4,0,4,剥ぎ取り,4,護石王,2,精密射撃,-3,,,,,EX銀火竜チケット,1,銀火竜の上鱗,5,火竜の骨髄,3,,
Ｓ・ソルＲコイル,0,1,7,0,8,99,0,62,134,2,-6,-4,0,4,会心強化,4,斬れ味,-4,,,,,,,獰猛化銀火竜鱗,1,銀火竜の上鱗,5,火竜の延髄,2,獰猛化素材(上位pts),8
Ｓ・ソルＲコート,0,2,7,0,8,99,0,31,67,2,-5,-4,0,4,会心強化,4,調合成功率,-4,,,,,,,獰猛化銀火竜鱗,1,銀火竜の上鱗,5,火竜の延髄,2,獰猛化素材(上位pts),8
ゴールドルナコイル,0,1,7,0,7,99,0,64,136,2,-4,-6,0,4,加護,3,回復量,3,節食,2,,,,,金火竜の上鱗,4,雌火竜の翼膜,5,火竜の煌液,3,獄炎石,2
ゴールドルナコート,0,2,7,0,7,99,0,32,68,2,-4,-5,0,4,加護,3,回復量,3,節食,2,,,,,金火竜の上鱗,4,雌火竜の翼膜,5,火竜の煌液,3,獄炎石,2
EXＧ・ルナコイル,0,1,7,0,8,99,0,68,140,2,-4,-6,0,4,運気,5,護石王,2,体力,-3,,,,,EX金火竜チケット,1,金火竜の上鱗,5,火竜の骨髄,3,,
EXＧ・ルナコート,0,2,7,0,8,99,0,34,70,2,-4,-5,0,4,運気,4,護石王,2,体力,-3,,,,,EX金火竜チケット,1,金火竜の上鱗,5,火竜の骨髄,3,,
怒天ノ帯,0,1,7,1,9,99,0,70,142,2,1,3,-6,2,無心,3,溜め短縮,2,斬れ味,1,,,,,羅刹の金角,1,金獅子の怒髪,1,金獅子の尖爪,1,黄金の毛,3
心滅ノ帯,0,2,7,1,9,99,0,35,71,2,1,3,-5,2,無心,3,弾薬節約,2,溜め短縮,2,,,,,羅刹の金角,1,金獅子の怒髪,1,金獅子の尖爪,1,黄金の毛,3
グリードフォールド,0,1,7,0,8,99,0,70,142,-2,-2,-5,-2,-2,匠,3,斬れ味,3,腹減り,-2,,,,,歴戦の漆黒皮,3,恐暴竜の大牙,2,恐暴竜の尻尾,2,古龍の浄血,1
グリードコート,0,2,7,1,8,99,0,35,71,-2,-2,-4,-2,-2,射法,3,通常弾強化,2,腹減り,-2,,,,,歴戦の漆黒皮,3,恐暴竜の大牙,2,恐暴竜の尻尾,2,古龍の浄血,1
グリードＲフォールド,0,1,7,3,8,99,0,66,138,-2,-2,-5,-2,-2,匠,2,,,,,,,,,獰猛化恐暴竜鱗,1,歴戦の漆黒皮,5,恐暴竜の尻尾,3,獰猛化素材(上位pts),8
グリードＲコート,0,2,7,3,8,99,0,33,69,-2,-2,-4,-2,-2,通常弾強化,2,,,,,,,,,獰猛化恐暴竜鱗,1,歴戦の漆黒皮,5,恐暴竜の尻尾,3,獰猛化素材(上位pts),8
アカムトイッケク,0,1,7,0,9,99,0,74,146,4,0,-3,2,-5,聴覚保護,3,剣術,2,鈍器,2,,,,,覇竜の堅殻,4,覇竜の大牙,3,覇竜の尻尾,1,爆炎袋,5
アカムトイッケタリ,0,2,7,0,9,99,0,37,73,4,0,-3,2,-4,聴覚保護,3,精密射撃,2,貫通弾強化,2,,,,,覇竜の堅殻,4,覇竜の大牙,3,覇竜の尻尾,1,爆炎袋,5
アカムトＲイッケク,0,1,7,1,9,99,0,70,142,4,0,-3,2,-5,聴覚保護,5,,,,,,,,,大竜結晶,1,獰猛な炎鱗,2,覇竜の堅殻,6,獰猛化素材(上位pts),8
アカムトＲイッケタリ,0,2,7,1,9,99,0,35,71,4,0,-3,2,-4,聴覚保護,5,,,,,,,,,大竜結晶,1,獰猛な炎鱗,2,覇竜の堅殻,6,獰猛化素材(上位pts),8
ウカムルイッケク,0,1,7,0,9,99,0,80,152,-4,0,-3,4,-2,攻撃,4,斬れ味,2,回復量,2,,,,,崩竜の堅殻,4,崩竜の穿爪,3,崩竜の上ヒレ,2,凍結袋,5
ウカムルイッケタリ,0,2,7,0,9,99,0,40,76,-4,0,-3,4,-2,攻撃,4,散弾強化,2,回復量,2,,,,,崩竜の堅殻,4,崩竜の穿爪,3,崩竜の上ヒレ,2,凍結袋,5
荒天【帯】,0,1,7,0,9,99,0,70,142,-3,4,0,0,-5,本気,4,回避性能,3,研ぎ師,-2,,,,,嵐龍の尻尾,1,嵐龍の飛膜,4,嵐龍の堅殻,5,極彩色の体液,3
蒼天【帯】,0,2,7,0,9,99,0,35,71,-3,5,0,0,-5,回避性能,3,本気,3,精密射撃,-2,,,,,嵐龍の尻尾,1,嵐龍の飛膜,4,嵐龍の堅殻,5,極彩色の体液,3
荒天亜流【帯】,0,1,7,1,9,99,0,66,138,-3,4,0,0,-5,本気,5,研ぎ師,-2,,,,,,,嵐龍の尻尾,3,獰猛な水袋,2,古龍の浄血,1,獰猛化素材(上位pts),8
蒼天亜流【帯】,0,2,7,1,9,99,0,33,69,-3,5,0,0,-5,本気,5,精密射撃,-2,,,,,,,嵐龍の尻尾,3,獰猛な水袋,2,古龍の浄血,1,獰猛化素材(上位pts),8
骸装甲・覇【腰骨】,0,1,7,1,8,99,0,70,142,-1,-1,-1,-1,-2,逆上,2,窮地,2,回復速度,-3,,,,,尖骸棘殻,3,発光する上粘液,1,骸棘殻,2,尖竜骨,4
屍装甲・覇【腰骨】,0,2,7,1,8,99,0,35,71,-1,-1,-1,-1,-1,逆上,2,窮地,2,回復速度,-3,,,,,尖骸棘殻,3,発光する上粘液,1,骸棘殻,2,尖竜骨,4
アスリスタコイル,0,1,7,1,8,99,0,70,142,0,2,1,1,-4,チャンス,2,無心,2,気まぐれ,-2,,,,,骸龍の青斑皮,4,骸龍の烏賊骨,2,発光する上粘液,1,爆鎚竜の骨髄,2
アスリスタコート,0,2,7,1,8,99,0,35,71,0,2,1,1,-3,チャンス,2,無心,2,気まぐれ,-2,,,,,骸龍の青斑皮,4,骸龍の烏賊骨,2,発光する上粘液,1,爆鎚竜の骨髄,2
エスカドラマイト,0,1,7,0,9,99,0,76,148,0,0,0,0,-4,属性耐性,3,属性攻撃,2,属性会心,2,,,,,煌黒龍の翼膜,1,煌黒龍の尻尾,1,煌黒龍の逆鱗,4,轟竜の頭殻,3
エスカドラフォルス,0,2,7,0,9,99,0,38,74,0,0,0,0,-4,属性耐性,2,属性攻撃,2,属性会心,2,,,,,煌黒龍の翼膜,1,煌黒龍の尻尾,1,煌黒龍の逆鱗,4,轟竜の頭殻,3
エスカドラＲマイト,0,1,7,1,9,99,0,72,144,0,0,0,0,-4,属性耐性,5,属性会心,1,,,,,,,煌黒龍の尻尾,3,獰猛な蝕龍鱗,2,古龍の浄血,1,獰猛化素材(上位pts),8
エスカドラＲフォルス,0,2,7,1,9,99,0,36,72,0,0,0,0,-4,属性耐性,5,属性会心,1,,,,,,,煌黒龍の尻尾,3,獰猛な蝕龍鱗,2,古龍の浄血,1,獰猛化素材(上位pts),8
レザーＸフォールド,0,1,8,3,9,99,0,76,118,0,0,0,0,0,採取,2,気まぐれ,1,,,,,,,極上の毛皮,1,堅牢な鳥竜骨,3,エルトライト鉱石,1,,
レザーＸコート,0,2,8,3,9,99,0,40,67,0,1,1,0,0,採取,2,気まぐれ,1,,,,,,,極上の毛皮,1,堅牢な鳥竜骨,3,エルトライト鉱石,1,,
チェーンＸフォールド,0,1,8,2,9,99,0,78,120,0,0,1,0,0,節食,3,,,,,,,,,エルトライト鉱石,1,カブレライト鉱石,2,ドラグライト鉱石,5,王族カナブン,2
チェーンＸコート,0,2,8,2,9,99,0,41,68,0,0,1,1,0,節食,3,,,,,,,,,エルトライト鉱石,1,カブレライト鉱石,2,ドラグライト鉱石,5,王族カナブン,2
ベルダーＸベルト,0,1,8,1,10,99,0,80,122,0,1,0,0,0,笛,8,広域,2,,,,,,,極上の毛皮,1,ベルナチケットＧ,1,雲羊鹿の毛玉,2,柔軟な厚皮,2
ベルダーＸコート,0,2,8,1,10,99,0,44,71,0,2,0,0,0,笛,8,広域,2,,,,,,,極上の毛皮,1,ベルナチケットＧ,1,雲羊鹿の毛玉,2,柔軟な厚皮,2
ハントＸフォールド,0,1,8,2,10,99,0,80,122,1,0,0,0,0,爆弾強化,4,高速設置,3,,,,,,,エルトライト鉱石,2,ココットチケットＧ,1,極上の毛皮,5,モンスターの濃汁,5
ハントＸコート,0,2,8,2,10,99,0,44,71,2,0,0,0,0,爆弾強化,4,高速設置,3,,,,,,,エルトライト鉱石,2,ココットチケットＧ,1,極上の毛皮,5,モンスターの濃汁,5
マフモフＸコイル,0,1,8,2,10,99,0,80,122,-1,0,0,2,0,溜め短縮,3,耐寒,2,,,,,,,極上の毛皮,2,ポッケチケットＧ,1,ファンゴの厚毛皮,3,,
マフモフＸコート,0,2,8,2,10,99,0,44,71,-1,0,0,4,0,耐寒,2,溜め短縮,2,,,,,,,極上の毛皮,2,ポッケチケットＧ,1,ファンゴの厚毛皮,3,,
ユクモノオビ・極天,0,1,8,2,10,99,0,80,122,0,0,1,0,0,回避性能,3,達人,2,,,,,,,ユクモの重木,1,ユクモチケットＧ,1,エルトライト鉱石,2,,
ユクモノオビ・極地,0,2,8,2,10,99,0,44,71,0,0,2,0,0,回避性能,3,達人,2,,,,,,,ユクモの重木,1,ユクモチケットＧ,1,エルトライト鉱石,2,,
ロックラックＸコイル,0,0,8,1,9,99,0,36,63,1,0,0,0,2,耐暑,4,運搬,3,,,,,,,特上な腹袋,2,ジャギィの厚鱗,3,甲虫の大顎,5,,
ハンターＸフォールド,0,1,8,1,9,99,0,88,130,0,0,0,0,0,狩人,6,捕獲,3,,,,,,,エルトライト鉱石,3,ファンゴの厚毛皮,4,ファンゴの上毛皮,5,カブレライト鉱石,10
ハンターＸコート,0,2,8,1,9,99,0,51,78,0,0,0,0,0,狩人,6,捕獲,3,,,,,,,エルトライト鉱石,3,ファンゴの厚毛皮,4,ファンゴの上毛皮,5,カブレライト鉱石,10
ハンターXRフォールド,0,1,8,1,10,99,0,84,126,0,0,0,0,0,観察眼,5,,,,,,,,,獰猛化濃縮エキス,1,雪獅子の豪剛毛,5,ドラグライト鉱石,15,獰猛化素材(Ｇ級pts),5
ハンターXRコート,0,2,8,1,10,99,0,48,75,0,0,0,0,0,観察眼,5,,,,,,,,,獰猛化濃縮エキス,1,雪獅子の豪剛毛,5,ドラグライト鉱石,15,獰猛化素材(Ｇ級pts),5
ボーンＸフォールド,0,1,8,2,9,99,0,92,134,0,0,0,-1,0,捕獲,3,鈍器,2,KO,2,,,,,重厚な骨,1,上質な鳥竜骨,2,なぞの骨,15,,
ボーンＸコート,0,2,8,2,9,99,0,53,80,0,0,0,-1,0,捕獲,3,変則射撃,2,KO,2,,,,,重厚な骨,1,上質な鳥竜骨,2,なぞの骨,15,,
メルホアＸオッハ,0,1,8,3,9,99,0,96,138,0,1,1,0,0,野草知識,2,採取,2,,,,,,,皇帝バッタ,4,ドスビスカス,2,龍神カズラ,3,硬化薬グレート,5
メルホアＸブラット,0,2,8,3,9,99,0,57,84,0,1,1,0,0,野草知識,2,採取,1,,,,,,,皇帝バッタ,4,ドスビスカス,2,龍神カズラ,3,硬化薬グレート,5
メルホアＺオッハ,0,1,8,3,10,99,0,106,148,0,1,1,0,0,気まぐれ,3,耐寒,2,,,,,,,真紅蓮石,1,ドスビスカス,2,大龍神カズラ,3,硬化薬グレート,5
メルホアＺブラット,0,2,8,3,10,99,0,63,90,0,1,1,0,0,気まぐれ,3,耐寒,2,,,,,,,真紅蓮石,1,ドスビスカス,2,大龍神カズラ,3,硬化薬グレート,5
マカルパＸコイル,0,1,8,1,9,99,0,98,140,1,2,-2,0,0,調合成功率,5,調合数,3,特殊攻撃,1,,,,,砂竜の厚鱗,8,春夜鯉,2,シンドイワシ,4,調合書上級編,1
マカルパＸナジュワ,0,2,8,1,9,99,0,58,85,1,3,-2,0,0,調合成功率,4,調合数,3,特殊攻撃,1,,,,,砂竜の厚鱗,8,春夜鯉,2,シンドイワシ,4,調合書上級編,1
マカルパＺコイル,0,1,8,1,10,99,0,108,150,1,2,-2,0,0,調合成功率,4,効果持続,3,,,,,,,水竜の厚鱗,8,春夜鯉,2,シンドイワシ,4,調合書達人編,1
マカルパＺナジュワ,0,2,8,1,10,99,0,64,91,1,3,-2,0,0,効果持続,3,調合成功率,3,,,,,,,水竜の厚鱗,8,春夜鯉,2,シンドイワシ,4,調合書達人編,1
オウビートＸアンカ,1,1,8,2,9,99,0,104,146,2,-2,2,-2,3,体術,3,属性攻撃,2,,,,,,,皇帝バッタ,2,オオツノアゲハ,3,王族カナブン,5,超電雷光虫,5
オウビートＸコクサ,1,2,8,2,9,99,0,62,89,3,-2,2,-2,4,体術,3,属性攻撃,2,,,,,,,皇帝バッタ,2,オオツノアゲハ,3,王族カナブン,5,超電雷光虫,5
パピメルＸアンカ,2,1,8,2,9,99,0,104,146,2,-2,2,-2,3,体術,3,属性攻撃,2,,,,,,,皇帝バッタ,2,オオツノアゲハ,3,王族カナブン,5,超電雷光虫,5
パピメルＸコクサ,2,2,8,2,9,99,0,62,89,3,-2,2,-2,4,体術,3,属性攻撃,2,,,,,,,皇帝バッタ,2,オオツノアゲハ,3,王族カナブン,5,超電雷光虫,5
デスギアＸナーベル,0,1,8,1,10,99,0,102,144,2,1,1,-1,0,狂撃耐性,5,龍属性攻撃,2,,,,,,,禍々しい冥布,1,禍々しい闇布,1,水竜の重牙,4,なぞの巨骨,3
デスギアＸガイツ,0,2,8,1,10,99,0,61,88,3,1,1,-1,0,狂撃耐性,5,龍属性攻撃,2,,,,,,,禍々しい冥布,1,禍々しい闇布,1,水竜の重牙,4,なぞの巨骨,3
デスギアXRナーベル,0,1,8,1,10,99,0,98,140,2,1,1,-1,0,属性会心,6,攻撃,-3,,,,,,,獰猛な重牙,1,禍々しい冥布,1,桃毛獣の剛爪,4,獰猛化素材(Ｇ級pts),8
デスギアXRガイツ,0,2,8,1,10,99,0,58,85,3,1,1,-1,0,属性会心,6,攻撃,-3,,,,,,,獰猛な重牙,1,禍々しい冥布,1,桃毛獣の剛爪,4,獰猛化素材(Ｇ級pts),8
マギュルＸオッハ,0,1,8,2,9,99,0,92,134,-3,1,0,2,0,火属性攻撃,6,,,,,,,,,皇帝バッタ,4,ペピポパンプキン,2,龍神カズラ,3,交易チケット,1
マギュルＸブラット,0,2,8,2,9,99,0,53,80,-3,2,0,3,0,火属性攻撃,5,,,,,,,,,皇帝バッタ,4,ペピポパンプキン,2,龍神カズラ,3,交易チケット,1
エーデルＸオッハ,0,1,8,2,10,99,0,90,132,-1,3,-1,0,0,広域,5,,,,,,,,,ベルナチケットＧ,1,星見の花,1,特大水袋,2,ユクモの重木,2
エーデルＸブラット,0,2,8,2,10,99,0,52,79,-1,4,-1,0,0,広域,5,,,,,,,,,ベルナチケットＧ,1,星見の花,1,特大水袋,2,ユクモの重木,2
スカルダＸアンカ,1,1,8,2,10,99,0,102,144,3,-1,-1,-1,3,本気,4,特殊会心,3,痛撃,1,,,,,オオゲキ毒クモリ,1,オオ毒クモリ,2,カンタロスの斬羽,3,劇烈毒袋,4
スカルダＸコクサ,1,2,8,2,10,99,0,61,88,4,-1,-1,-1,3,本気,4,特殊会心,3,痛撃,1,,,,,オオゲキ毒クモリ,1,オオ毒クモリ,2,カンタロスの斬羽,3,劇烈毒袋,4
スパイオＸアンカ,2,1,8,2,10,99,0,102,144,3,-1,-1,-1,3,本気,4,特殊会心,3,痛撃,1,,,,,オオゲキ毒クモリ,1,オオ毒クモリ,2,カンタロスの斬羽,3,劇烈毒袋,4
スパイオＸコクサ,2,2,8,2,10,99,0,61,88,4,-1,-1,-1,3,本気,4,特殊会心,3,痛撃,1,,,,,オオゲキ毒クモリ,1,オオ毒クモリ,2,カンタロスの斬羽,3,劇烈毒袋,4
アロイＸコイル,0,1,8,2,10,99,0,110,152,-1,0,-1,-1,0,風圧,3,達人,2,,,,,,,メランジェ鉱石,2,エルトライト鉱石,5,ユニオン鉱石,5,ベアライト石,5
アロイＸコート,0,2,8,2,10,99,0,66,93,-1,0,-1,-1,0,風圧,3,達人,2,,,,,,,メランジェ鉱石,2,エルトライト鉱石,5,ユニオン鉱石,5,ベアライト石,5
アロイXRフォールド,0,1,8,0,10,99,0,102,144,-1,0,-1,-1,0,達人,8,,,,,,,,,獰猛化狩猟の証,1,エルトライト鉱石,5,化け鮫の厚鱗,6,獰猛化素材(Ｇ級pts),5
アロイXRコート,0,2,8,0,10,99,0,61,88,-1,0,-1,-1,0,達人,7,,,,,,,,,獰猛化狩猟の証,1,エルトライト鉱石,5,化け鮫の厚鱗,6,獰猛化素材(Ｇ級pts),5
バトルＸフォールド,0,1,8,0,10,99,0,110,152,1,-1,-1,0,0,ガード性能,5,攻撃,4,盗み無効,3,,,,,メランジェ鉱石,3,翼蛇竜の特上皮,3,ランポスの厚鱗,5,堅竜骨,2
バトルＸコート,0,2,8,0,10,99,0,66,93,2,-1,-1,0,0,反動,5,盗み無効,3,攻撃,3,,,,,メランジェ鉱石,3,翼蛇竜の特上皮,3,ランポスの厚鱗,5,堅竜骨,2
インゴットＸコイル,0,1,8,3,10,99,0,112,154,-1,-1,1,0,0,風圧,2,氷属性攻撃,1,運気,-1,,,,,真紅蓮石,2,エルトライト鉱石,6,獄炎石,3,氷結晶,20
インゴットＸコート,0,2,8,3,10,99,0,67,94,-1,-1,2,0,0,風圧,2,氷属性攻撃,1,運気,-1,,,,,真紅蓮石,2,エルトライト鉱石,6,獄炎石,3,氷結晶,20
インゴットXRコイル,0,1,8,0,10,99,0,104,146,-1,-1,1,0,0,風圧,7,運気,-2,,,,,,,獰猛化濃縮エキス,1,真紅蓮石,2,カワズの大殿油,3,獰猛化素材(Ｇ級pts),5
インゴットXRコート,0,2,8,0,10,99,0,62,89,-1,-1,2,0,0,風圧,7,運気,-2,,,,,,,獰猛化濃縮エキス,1,真紅蓮石,2,カワズの大殿油,3,獰猛化素材(Ｇ級pts),5
ハイメタＸフォールド,0,1,8,2,10,99,0,110,152,0,-1,2,-1,0,聴覚保護,5,属性攻撃,2,雷耐性,1,,,,,メランジェ鉱石,5,ピュアクリスタル,1,ドラグライト鉱石,10,雷光ゼリー,3
ハイメタＸコート,0,2,8,2,10,99,0,66,93,0,-1,3,-1,0,聴覚保護,5,属性攻撃,2,雷耐性,1,,,,,メランジェ鉱石,5,ピュアクリスタル,1,ドラグライト鉱石,10,雷光ゼリー,3
ハイメタＺフォールド,0,1,8,1,10,99,0,110,152,0,-1,2,-1,0,抜刀会心,5,納刀,2,,,,,,,溶岩竜の厚鱗,3,メランジェ鉱石,2,カブレライト鉱石,10,赤甲獣の重殻,4
ハイメタＺコート,0,2,8,1,10,99,0,66,93,0,-1,3,-1,0,重撃弾強化,5,納刀,2,,,,,,,溶岩竜の厚鱗,3,メランジェ鉱石,2,カブレライト鉱石,10,赤甲獣の重殻,4
Ｋ・ロブスタＸコイル,0,1,8,0,10,99,0,102,144,-1,4,-1,-1,-1,回避性能,2,泡沫,2,節食,2,雷耐性,-2,,,エビの巨大殻,1,エビの大殻,3,水竜の特上ヒレ,2,溶岩竜の重殻,4
Ｋ・ロブスタＸコート,0,2,8,0,10,99,0,61,88,-1,5,-1,-1,-1,回避性能,2,泡沫,2,節食,1,雷耐性,-2,,,エビの巨大殻,1,エビの大殻,3,水竜の特上ヒレ,2,溶岩竜の重殻,4
ヴァイクＸフォールド,0,1,8,2,10,99,0,110,152,0,3,-2,-1,0,斬れ味,4,攻撃,3,,,,,,,メランジェ鉱石,2,ヨロイシダイ,3,砂竜の特上ヒレ,4,金剛魚,2
ヴァイクＸコート,0,2,8,2,10,99,0,66,93,0,4,-2,-1,0,弾薬節約,4,攻撃,3,,,,,,,メランジェ鉱石,2,ヨロイシダイ,3,砂竜の特上ヒレ,4,金剛魚,2
ビストロＸサロン,0,1,8,1,10,99,0,98,140,3,1,0,2,0,食事,4,肉食,3,回復量,-1,,,,,桃毛獣の豪剛毛,5,ビストロチケットＧ,2,真珠色の艶皮,4,氷結晶イチゴ,8
ビストロＸエプロン,0,2,8,1,10,99,0,58,85,4,1,0,3,0,肉食,4,食事,3,回復量,-1,,,,,桃毛獣の豪剛毛,5,ビストロチケットＧ,2,真珠色の艶皮,4,氷結晶イチゴ,8
パティシエＸサロン,0,1,8,2,10,99,0,102,144,2,0,0,2,-2,炎熱適応,2,効果持続,2,節食,2,,,,,マボロシチョウ,2,ビストロチケットＧ,2,化け鮫の厚皮,2,高級お食事券,1
パティシエＸエプロン,0,2,8,2,10,99,0,61,88,4,0,0,2,-2,炎熱適応,2,節食,2,効果持続,1,,,,,マボロシチョウ,2,ビストロチケットＧ,2,化け鮫の厚皮,2,高級お食事券,1
グルニャンＸサロン,0,1,8,0,12,99,0,116,158,1,1,1,1,1,研ぎ師,4,回復量,3,スタミナ,2,食欲,2,,,ビストロチケットＧ,1,獰猛化濃縮エキス,1,ポッケチケットＧ,1,金獅子の黒荒毛,3
グルニャンＸエプロン,0,2,8,0,12,99,0,69,96,1,1,1,1,1,弾薬節約,4,スタミナ,2,回復量,2,食欲,2,,,ビストロチケットＧ,1,獰猛化濃縮エキス,1,ポッケチケットＧ,1,金獅子の黒荒毛,3
ロワーガＸアンカ,1,1,8,1,10,99,0,110,152,-2,0,2,-2,2,達人,5,納刀研磨,2,会心強化,1,,,,,マボロシチョウ,2,オオクワアゲハ,3,特上な腹袋,4,ボンバッタ,10
ロワーガＸコクサ,1,2,8,1,10,99,0,66,93,-2,0,3,-2,3,達人,4,弾薬節約,2,会心強化,1,,,,,マボロシチョウ,2,オオクワアゲハ,3,特上な腹袋,4,ボンバッタ,10
ファルメルＸアンカ,2,1,8,1,10,99,0,110,152,-2,0,3,-2,2,達人,5,納刀研磨,2,会心強化,1,,,,,マボロシチョウ,2,オオクワアゲハ,3,特上な腹袋,4,ボンバッタ,10
ファルメルＸコクサ,2,2,8,1,10,99,0,66,93,-2,0,3,-2,3,達人,4,弾薬節約,2,会心強化,1,,,,,マボロシチョウ,2,オオクワアゲハ,3,特上な腹袋,4,ボンバッタ,10
エコールＸスカート,2,1,8,0,10,99,0,102,144,0,0,0,0,0,狂撃耐性,3,痛撃,3,千里眼,1,,,,,不屈の証,1,極上の毛皮,2,鬼蛙の堅殻,6,奇猿狐の豪剛毛,3
エコールＸフリル,2,2,8,0,10,99,0,61,88,0,0,0,0,0,狂撃耐性,3,痛撃,3,千里眼,1,,,,,不屈の証,1,極上の毛皮,2,鬼蛙の堅殻,6,奇猿狐の豪剛毛,3
ブレイブＸフォールド,0,1,8,0,11,99,0,106,148,0,0,0,0,0,火属性攻撃,3,闘魂,2,乗り,2,,,,,獰猛化狩猟の証,1,ベルナチケットＧ,1,極上の毛皮,2,黒狼鳥の厚鱗,3
ブレイブＸコート,0,2,8,0,11,99,0,63,90,1,1,1,1,1,火属性攻撃,3,闘魂,2,乗り,2,,,,,獰猛化狩猟の証,1,ベルナチケットＧ,1,極上の毛皮,2,黒狼鳥の厚鱗,3
アーティアＸコイル,0,1,8,1,11,99,0,112,154,1,-2,-2,2,3,高速設置,5,頑強,5,,,,,,,神代の破片,1,太古の破片,2,真紅蓮石,3,ノヴァクリスタル,6
アーティアＸコート,0,2,8,1,11,99,0,67,94,3,-2,-2,2,3,高速設置,5,頑強,5,,,,,,,神代の破片,1,太古の破片,2,真紅蓮石,3,ノヴァクリスタル,6
アーティアXRコイル,0,1,8,0,11,99,0,106,148,1,-2,-2,2,3,雷属性攻撃,8,走行継続,3,,,,,,,獰猛化狩猟の証,1,神代の破片,1,真紅蓮石,6,獰猛化素材(Ｇ級pts),8
アーティアXRコート,0,2,8,0,11,99,0,63,90,3,-2,-2,2,3,雷属性攻撃,8,走行継続,3,,,,,,,獰猛化狩猟の証,1,神代の破片,1,真紅蓮石,6,獰猛化素材(Ｇ級pts),8
メイドＸスカート,2,1,8,1,10,99,0,102,144,0,0,0,0,0,剛撃,3,采配,2,運気,2,,,,,ココットチケットＧ,1,ランポスの大厚皮,5,極上の毛皮,4,モンスターの濃汁,3
プライベートＸフリル,2,2,8,1,10,99,0,61,88,0,0,0,0,0,裏稼業,3,采配,2,運気,2,,,,,ココットチケットＧ,1,ランポスの大厚皮,5,極上の毛皮,4,モンスターの濃汁,3
撫子・雅【枝垂】,2,1,8,1,10,99,0,102,144,0,0,0,0,0,無心,2,我慢,2,千里眼,2,観察眼,2,,,ユクモチケットＧ,1,ユクモの重木,2,赤甲獣の大蛇腹甲,4,ピュアクリスタル,2
桔梗・雅【枝垂】,2,2,8,1,10,99,0,61,88,0,0,0,0,0,無心,2,我慢,2,千里眼,2,観察眼,2,,,ユクモチケットＧ,1,ユクモの重木,2,赤甲獣の大蛇腹甲,4,ピュアクリスタル,2
ホークＸコイル,1,1,8,2,11,99,0,114,156,0,0,0,0,0,狂撃耐性,3,食事,3,体術,1,,,,,不屈の証,1,極上の毛皮,2,重甲虫の重顎,3,奇猿狐の豪剛毛,2
ホークＸコート,1,2,8,2,11,99,0,68,95,0,0,0,0,0,狂撃耐性,3,食事,3,体術,1,,,,,不屈の証,1,極上の毛皮,2,重甲虫の重顎,3,奇猿狐の豪剛毛,2
サージュＸコイル,0,1,8,1,11,99,0,114,156,0,0,0,0,0,細菌学,4,捕獲,4,,,,,,,龍歴院チケットＧ,1,首鳴竜の特上皮,3,獰猛な重牙,2,泡狐竜の特錦ヒレ,2
サージュＸコート,0,2,8,1,11,99,0,68,95,0,0,0,0,0,細菌学,4,捕獲,4,,,,,,,龍歴院チケットＧ,1,首鳴竜の特上皮,3,獰猛な重牙,2,泡狐竜の特錦ヒレ,2
ドーベルＸコイル,0,1,8,1,11,99,0,116,158,-2,0,0,0,4,龍属性攻撃,3,気絶,2,属性耐性,2,属性会心,2,,,重竜骨,2,いにしえの巨龍骨,3,雷狼竜の剛爪,2,竜骨【中】,12
ドーベルＸコート,0,2,8,1,11,99,0,69,96,-2,0,0,0,5,龍属性攻撃,3,気絶,2,属性耐性,2,属性会心,2,,,重竜骨,2,いにしえの巨龍骨,3,雷狼竜の剛爪,2,竜骨【中】,12
スカラーＸスカート,2,1,8,2,11,99,0,114,156,0,0,0,0,0,回避性能,3,笛,1,気配,-2,,,,,ユクモチケットＧ,1,龍歴院チケットＧ,1,赤甲獣の重殻,5,メランジェ鉱石,5
スカラーＸフリル,2,2,8,2,11,99,0,68,95,0,0,0,0,0,回避性能,3,精密射撃,1,気配,-2,,,,,ユクモチケットＧ,1,龍歴院チケットＧ,1,赤甲獣の重殻,5,メランジェ鉱石,5
セイラーＸスカート,2,1,8,2,11,99,0,114,156,0,0,0,0,0,回避性能,4,溜め短縮,1,気配,-2,,,,,ユクモチケットＧ,1,龍歴院チケットＧ,1,真珠色の艶皮,4,海竜の上皮,5
セイラーＸフリル,2,2,8,2,11,99,0,68,95,0,0,0,0,0,回避性能,3,溜め短縮,1,気配,-2,,,,,ユクモチケットＧ,1,龍歴院チケットＧ,1,真珠色の艶皮,4,海竜の上皮,5
マリネロＸスカート,2,1,8,1,11,99,0,114,156,0,0,0,0,0,特殊攻撃,4,達人,2,連撃,1,,,,,獰猛化狩猟の証,1,龍歴院チケットＧ,1,氷牙竜の厚毛皮,4,海竜の上鱗,6
マリネロＸフリル,2,2,8,1,11,99,0,68,95,0,0,0,0,0,特殊攻撃,4,達人,2,速射,1,,,,,獰猛化狩猟の証,1,龍歴院チケットＧ,1,氷牙竜の厚毛皮,4,海竜の上鱗,6
ジャギィＸフォールド,0,1,8,1,9,99,0,90,132,-2,0,0,0,0,攻撃,6,体力,2,,,,,,,ジャギィの厚鱗,4,堅牢な鳥竜骨,4,ゲネポスの厚鱗,3,カブレライト鉱石,4
ジャギィＸコート,0,2,8,1,9,99,0,52,79,-2,0,0,0,0,攻撃,6,体力,2,,,,,,,ジャギィの厚鱗,4,堅牢な鳥竜骨,4,ゲネポスの厚鱗,3,カブレライト鉱石,4
マッカォＸフォールド,0,1,8,1,9,99,0,92,134,-2,0,0,0,0,重撃,5,KO,2,,,,,,,マッカォの厚鱗,4,跳狗竜の上鱗,4,堅牢な鳥竜骨,4,カブレライト鉱石,5
マッカォＸコート,0,2,8,2,9,99,0,53,80,-2,1,1,1,1,KO,2,重撃,2,,,,,,,マッカォの厚鱗,4,跳狗竜の上鱗,4,堅牢な鳥竜骨,4,カブレライト鉱石,5
ランポスＸフォールド,0,1,8,2,9,99,0,92,134,0,0,0,-2,0,水属性攻撃,5,攻撃,2,気絶,1,,,,,ランポスの厚鱗,4,ランポスの大上皮,5,ユニオン鉱石,4,皇帝バッタ,4
ランポスＸコート,0,2,8,2,9,99,0,53,80,0,1,1,-2,0,水属性攻撃,5,攻撃,2,気絶,1,,,,,ランポスの厚鱗,4,ランポスの大上皮,5,ユニオン鉱石,4,皇帝バッタ,4
ギアノスＸフォールド,0,1,8,2,9,99,0,92,134,0,0,-1,2,0,だるま,5,本気,4,,,,,,,ギアノスの大厚皮,4,ギアノスの厚鱗,4,鬼蛙の堅殻,2,カブレライト鉱石,4
ギアノスＸコート,0,2,8,2,9,99,0,53,80,0,0,-1,3,0,だるま,4,本気,4,,,,,,,ギアノスの大厚皮,4,ギアノスの厚鱗,4,鬼蛙の堅殻,2,カブレライト鉱石,4
ゲネポスＸフォールド,0,1,8,2,10,99,0,94,136,0,0,1,-2,0,気配,3,麻痺,2,雷属性攻撃,2,,,,,ゲネポスの厚鱗,4,ゲネポスの大上皮,4,濃縮麻痺袋,2,王族カナブン,3
ゲネポスＸコート,0,2,8,2,10,99,0,54,81,1,0,2,-2,0,気配,3,雷属性攻撃,2,麻痺,1,,,,,ゲネポスの厚鱗,4,ゲネポスの大上皮,4,濃縮麻痺袋,2,王族カナブン,3
GXゲネポスフォールド,0,1,8,2,10,99,0,100,142,0,0,1,-2,0,特殊攻撃,3,攻撃,2,属性攻撃,-2,,,,,ちいさな研精石,1,ゲネポスの大剛牙,4,濃縮麻痺袋,3,皇帝バッタ,3
GXゲネポスコート,0,2,8,2,10,99,0,60,87,1,0,2,-2,0,特殊攻撃,3,攻撃,2,属性攻撃,-2,,,,,ちいさな研精石,1,ゲネポスの大剛牙,4,濃縮麻痺袋,3,皇帝バッタ,3
ランゴＸフォールド,0,1,8,1,9,99,0,94,136,-2,1,1,1,2,納刀,5,跳躍,2,,,,,,,ランゴスタの斬羽,3,ランゴスタの堅殻,3,カブレライト鉱石,3,皇帝バッタ,2
ランゴＸコート,0,2,8,1,9,99,0,54,81,-2,2,2,2,3,納刀,5,跳躍,2,,,,,,,ランゴスタの斬羽,3,ランゴスタの堅殻,3,カブレライト鉱石,3,皇帝バッタ,2
GXランゴフォールド,0,1,8,2,9,99,0,104,146,-2,1,1,1,2,剣術,2,回避距離,2,,,,,,,ちいさな研精石,1,ランゴスタの斬羽,4,徹甲虫の重殻,2,ユニオン鉱石,4
GXランゴコート,0,2,8,2,9,99,0,62,89,-2,2,2,2,3,散弾強化,2,回避距離,2,,,,,,,ちいさな研精石,1,ランゴスタの斬羽,4,徹甲虫の重殻,2,ユニオン鉱石,4
タロスＸフォールド,0,1,8,2,10,99,0,96,138,-1,-1,-1,-1,4,龍耐性,4,,,,,,,,,カンタロスの斬羽,1,カンタロスの薄羽,3,王族カナブン,5,モンスターの特濃,1
タロスＸコート,0,2,8,2,10,99,0,57,84,-1,-1,-1,-1,6,龍耐性,4,,,,,,,,,カンタロスの斬羽,1,カンタロスの薄羽,3,王族カナブン,5,モンスターの特濃,1
GXタロスフォールド,0,1,8,1,10,99,0,100,142,-1,-1,-1,-1,4,龍属性攻撃,3,ガード性能,3,体術,-2,,,,,ちいさな研精石,1,カンタロスの斬羽,4,飛甲虫の斬羽,5,ユニオン鉱石,5
GXタロスコート,0,2,8,1,10,99,0,60,87,-1,-1,-1,-1,6,龍属性攻撃,3,精密射撃,3,体術,-2,,,,,ちいさな研精石,1,カンタロスの斬羽,4,飛甲虫の斬羽,5,ユニオン鉱石,5
タロスXRフォールド,0,1,8,0,10,99,0,94,136,-1,-1,-1,-1,4,窮地,7,龍耐性,2,,,,,,,獰猛な重爪,1,カンタロスの斬羽,7,カンタロスの薄羽,10,獰猛化素材(上位pts),8
タロスXRコート,0,2,8,0,10,99,0,54,81,-1,-1,-1,-1,6,窮地,7,龍耐性,2,,,,,,,獰猛な重爪,1,カンタロスの斬羽,7,カンタロスの薄羽,10,獰猛化素材(上位pts),8
ブナハＸコイル,0,1,8,1,9,99,0,94,136,-2,0,0,0,2,特殊攻撃,5,属性耐性,2,,,,,,,飛甲虫の斬羽,3,飛甲虫の甲殻,4,モンスターの特濃,1,皇帝バッタ,2
ブナハＸコート,0,2,8,1,9,99,0,54,81,-2,1,1,1,3,特殊攻撃,5,属性耐性,2,,,,,,,飛甲虫の斬羽,3,飛甲虫の甲殻,4,モンスターの特濃,1,皇帝バッタ,2
モスＸヒップ,0,0,8,2,9,99,0,33,60,0,0,0,0,0,茸食,2,食事,1,,,,,,,モスの厚苔皮,1,ファンゴの厚毛皮,4,大猪のぶ厚い皮,1,カブレライト鉱石,3
リノプロＸコイル,0,1,8,1,9,99,0,94,136,2,0,0,-2,0,砲術,3,水属性攻撃,2,,,,,,,草食種の大重骨,1,草食竜の堅殻,1,草食竜の頭殻,1,大地の結晶,3
リノプロＸコート,0,2,8,1,9,99,0,54,81,3,0,0,-2,0,砲術,3,水属性攻撃,2,,,,,,,草食種の大重骨,1,草食竜の堅殻,1,草食竜の頭殻,1,大地の結晶,3
ファンゴＸフォールド,0,1,8,1,9,99,0,98,140,0,2,-2,1,0,底力,4,攻撃,2,加護,-3,,,,,大猪のぶ厚い皮,4,重厚な骨,4,大猪の大牙,4,奇猿狐の豪剛毛,2
ファンゴＸコート,0,2,8,1,9,99,0,58,85,0,3,-2,1,0,底力,4,攻撃,2,加護,-3,,,,,大猪のぶ厚い皮,4,重厚な骨,4,大猪の大牙,4,奇猿狐の豪剛毛,2
アシラＸフォールド,0,1,8,3,9,99,0,100,142,-2,0,-2,0,0,体術,2,,,,,,,,,青熊獣の豪剛毛,5,重厚な骨,2,青熊獣の堅殻,3,王族カナブン,3
アシラＸコート,0,2,8,3,9,99,0,60,87,-2,0,-2,0,0,体術,2,,,,,,,,,青熊獣の豪剛毛,5,重厚な骨,2,青熊獣の堅殻,3,王族カナブン,3
ガレオスＸフォールド,0,1,8,1,9,99,0,100,142,2,0,0,-3,0,火耐性,5,攻撃,3,,,,,,,砂竜の厚鱗,5,砂竜の重牙,3,重厚な骨,5,エルトライト鉱石,5
ガレオスＸコート,0,2,8,1,9,99,0,60,87,2,0,0,-3,0,火耐性,5,攻撃,3,,,,,,,砂竜の厚鱗,5,砂竜の重牙,3,重厚な骨,5,エルトライト鉱石,5
GXガレオスフォールド,0,1,8,1,9,99,0,104,146,2,0,0,-3,0,睡眠,3,水属性攻撃,3,耐震,2,,,,,ちいさな研精石,1,砂竜の特上ヒレ,4,金剛魚,1,大地の結晶,8
GXガレオスコート,0,2,8,1,9,99,0,62,89,2,0,0,-3,0,睡眠,3,水属性攻撃,3,耐震,2,,,,,ちいさな研精石,1,砂竜の特上ヒレ,4,金剛魚,1,大地の結晶,8
ドロスＸフォールド,0,1,8,3,9,99,0,88,130,-2,4,-1,0,0,体術,2,節食,2,,,,,,,水生獣の厚皮,4,堅牢な鳥竜骨,3,極上の毛皮,2,海綿質の上皮,3
ドロスＸコート,0,2,8,3,9,99,0,51,78,-2,5,-1,0,0,体術,2,節食,2,,,,,,,水生獣の厚皮,4,堅牢な鳥竜骨,3,極上の毛皮,2,海綿質の上皮,3
コトルＸフォールド,0,1,8,2,10,99,0,98,140,4,-2,0,-1,0,ガード強化,6,回避性能,1,,,,,,,溶岩獣の厚鱗,3,溶岩獣の上鱗,8,エルトライト鉱石,3,皇帝バッタ,2
コトルＸコート,0,2,8,2,10,99,0,58,85,5,-2,0,-1,0,変則射撃,6,回避性能,1,,,,,,,溶岩獣の厚鱗,3,溶岩獣の上鱗,8,エルトライト鉱石,3,皇帝バッタ,2
ムーファＸコイル,0,1,8,0,9,99,0,90,132,-1,0,2,3,0,雷属性攻撃,4,耐寒,3,逆上,3,,,,,極上の毛皮,4,雲羊鹿の毛玉,2,雲羊鹿の角,4,水獣の剛爪,2
ムーファＸコート,0,2,8,0,9,99,0,52,79,-1,0,3,4,0,雷属性攻撃,4,逆上,3,耐寒,2,,,,,極上の毛皮,4,雲羊鹿の毛玉,2,雲羊鹿の角,4,水獣の剛爪,2
ガブラスーツＸベルト,0,1,8,2,9,99,0,84,126,1,1,1,1,2,運気,2,腹減り,-2,,,,,,,縞模様の特上皮,2,翼蛇竜の上皮,3,ピュアクリスタル,1,カワズの大殿油,2
ガブラスーツＸバンド,0,2,8,2,9,99,0,48,75,1,1,1,1,3,運気,2,腹減り,-2,,,,,,,縞模様の特上皮,2,翼蛇竜の上皮,3,ピュアクリスタル,1,カワズの大殿油,2
イーオスＸフォールド,0,1,8,2,10,99,0,102,144,2,-1,-1,0,0,特殊攻撃,2,観察眼,2,毒,1,,,,,イーオスの大厚皮,3,イーオスの厚紫鱗,2,ユニオン鉱石,4,劇烈毒袋,2
イーオスＸコート,0,2,8,2,10,99,0,61,88,3,-1,-1,0,0,特殊攻撃,2,毒,1,観察眼,1,,,,,イーオスの大厚皮,3,イーオスの厚紫鱗,2,ユニオン鉱石,4,劇烈毒袋,2
GXイーオスフォールド,0,1,8,1,10,99,0,108,150,2,-1,-1,0,0,火耐性,3,属性攻撃,2,根性,2,,,,,高密度の研精石,1,イーオスの厚紫鱗,4,劇烈毒袋,3,ゴム質の特上皮,2
GXイーオスコート,0,2,8,1,10,99,0,64,91,3,-1,-1,0,0,火耐性,2,属性攻撃,2,根性,2,,,,,高密度の研精石,1,イーオスの厚紫鱗,4,劇烈毒袋,3,ゴム質の特上皮,2
クックＸフォールド,0,1,8,1,9,99,0,102,144,3,-1,0,-3,0,攻撃,3,火属性攻撃,3,防御,-2,,,,,怪鳥の厚鱗,2,怪鳥の重殻,3,重厚な骨,3,,
クックＸコート,0,2,8,1,9,99,0,61,88,4,-1,0,-3,0,攻撃,3,火属性攻撃,2,防御,-2,,,,,怪鳥の厚鱗,2,怪鳥の重殻,3,重厚な骨,3,,
ケチャＸフォールド,0,1,8,1,9,99,0,100,142,-2,2,-1,0,1,体術,3,気力回復,2,回避距離,2,笛,2,,,奇猿狐の地獄耳,1,奇猿狐の豪剛毛,3,重厚な骨,2,ドスヘラクレス,4
ケチャＸコート,0,2,8,1,9,99,0,60,87,-2,3,-1,0,1,体術,3,気力回復,2,回避距離,2,調合数,2,,,奇猿狐の地獄耳,1,奇猿狐の豪剛毛,3,重厚な骨,2,ドスヘラクレス,4
ウルクＸフォールド,0,1,8,2,9,99,0,98,140,-3,1,0,3,0,回避性能,3,スタミナ,2,,,,,,,白兎獣の豪剛毛,3,白兎獣の剛凍爪,2,重厚な骨,3,王族カナブン,5
ウルクＸコート,0,2,8,2,9,99,0,58,85,-3,1,0,4,0,回避性能,3,スタミナ,2,,,,,,,白兎獣の豪剛毛,3,白兎獣の剛凍爪,2,重厚な骨,3,王族カナブン,5
ゲリョスＸフォールド,0,1,8,1,9,99,0,102,144,-3,1,4,-1,0,毒,3,スタミナ,3,防御,2,,,,,毒怪鳥の厚翼膜,3,劇烈毒袋,4,ピュアクリスタル,2,エルトライト鉱石,4
ゲリョスＸコート,0,2,8,1,9,99,0,61,88,-3,1,5,-1,0,毒,3,スタミナ,3,防御,2,,,,,毒怪鳥の厚翼膜,3,劇烈毒袋,4,ピュアクリスタル,2,エルトライト鉱石,4
ゲリョスXRフォールド,0,1,8,1,10,99,0,96,138,-3,1,4,-1,0,気絶,7,麻痺,-3,,,,,,,獰猛化毒怪鳥特皮,1,毒怪鳥の厚翼膜,4,劇烈毒袋,5,毒怪鳥素材(上位pts),8
ゲリョスXRコート,0,2,8,1,10,99,0,57,84,-3,1,5,-1,0,気絶,7,麻痺,-3,,,,,,,獰猛化毒怪鳥特皮,1,毒怪鳥の厚翼膜,4,劇烈毒袋,5,毒怪鳥素材(上位pts),8
カブラＸフォールド,0,1,8,2,9,99,0,102,144,2,-3,-1,0,1,耐震,3,気力回復,2,,,,,,,鬼蛙の厚鱗,4,草食種の大重骨,3,重厚な骨,3,怪力の種,4
カブラＸコート,0,2,8,2,9,99,0,61,88,3,-3,-1,0,1,耐震,3,気力回復,2,,,,,,,鬼蛙の厚鱗,4,草食種の大重骨,3,重厚な骨,3,怪力の種,4
ザザミＸフォールド,0,1,8,0,9,99,0,104,146,-1,3,-3,0,1,ガード性能,4,斬れ味,3,,,,,,,盾蟹の重殻,3,盾蟹の極小殻,3,鋭利な爪,2,重厚な骨,3
ザザミＸコート,0,2,8,0,9,99,0,62,89,-1,4,-3,0,1,反動,4,射法,3,,,,,,,盾蟹の重殻,3,盾蟹の極小殻,3,鋭利な爪,2,重厚な骨,3
GXザザミフォールド,0,1,8,2,9,99,0,108,150,-1,3,-3,0,1,ガード強化,4,体術,1,窮地,1,,,,,ちいさな研精石,1,盾蟹の重殻,3,鋭利な爪,2,重厚な骨,3
GXザザミコート,0,2,8,2,9,99,0,64,91,-1,4,-3,0,1,強撃瓶追加,4,体術,1,窮地,1,,,,,ちいさな研精石,1,盾蟹の重殻,3,鋭利な爪,2,重厚な骨,3
ザザミXRフォールド,0,1,8,0,10,99,0,102,144,-1,3,-3,0,1,ガード性能,7,体術,-4,,,,,,,獰猛化盾蟹重殻,1,盾蟹の重殻,3,強竜骨,3,盾蟹素材(上位pts),8
ザザミXRコート,0,2,8,0,10,99,0,61,88,-1,4,-3,0,1,反動,7,装填速度,-4,,,,,,,獰猛化盾蟹重殻,1,盾蟹の重殻,3,強竜骨,3,盾蟹素材(上位pts),8
ラングロＸフォールド,0,1,8,2,10,99,0,102,144,2,-3,0,-1,1,細菌学,5,,,,,,,,,赤甲獣の重殻,3,赤甲獣の大蛇腹甲,3,モンスターの特濃,2,獄炎石,2
ラングロＸコート,0,2,8,2,10,99,0,61,88,3,-3,0,-1,1,細菌学,4,,,,,,,,,赤甲獣の重殻,3,赤甲獣の大蛇腹甲,3,モンスターの特濃,2,獄炎石,2
コンガＸフォールド,0,1,8,2,10,99,0,104,146,-3,1,1,-1,0,食いしん坊,4,細菌学,2,,,,,,,桃毛獣の豪剛毛,1,堅牢な牙獣牙,3,ファンゴの厚毛皮,2,重厚な骨,2
コンガＸコート,0,2,8,2,10,99,0,62,89,-2,1,1,-1,0,食いしん坊,4,細菌学,2,,,,,,,桃毛獣の豪剛毛,1,堅牢な牙獣牙,3,ファンゴの厚毛皮,2,重厚な骨,2
GXコンガフォールド,0,1,8,2,10,99,0,110,152,-3,1,1,-1,0,茸食,4,特殊攻撃,2,,,,,,,EX桃毛獣チケット,1,桃毛獣の豪剛毛,3,桃毛獣の牙,4,重厚な骨,3
GXコンガコート,0,2,8,2,10,99,0,66,93,-2,1,1,-1,0,茸食,4,特殊攻撃,2,,,,,,,EX桃毛獣チケット,1,桃毛獣の豪剛毛,3,桃毛獣の牙,4,重厚な骨,3
ルドロスＸフォールド,0,1,8,2,9,99,0,102,144,-3,4,-1,0,0,気力回復,4,水属性攻撃,1,,,,,,,水獣の厚鱗,4,水生獣の厚皮,4,水獣の靭尾,1,皇帝バッタ,2
ルドロスＸコート,0,2,8,2,9,99,0,61,88,-3,5,-1,0,0,気力回復,4,水属性攻撃,1,,,,,,,水獣の厚鱗,4,水生獣の厚皮,4,水獣の靭尾,1,皇帝バッタ,2
ルドロスXRフォールド,0,1,8,0,10,99,0,100,142,-3,4,-1,0,0,スタミナ,7,腹減り,5,,,,,,,獰猛化水獣厚鱗,1,水獣の厚鱗,5,イカしたトサカ,3,水獣素材(上位pts),8
ルドロスXRコート,0,2,8,0,10,99,0,60,87,-3,5,-1,0,0,スタミナ,7,腹減り,5,,,,,,,獰猛化水獣厚鱗,1,水獣の厚鱗,5,イカしたトサカ,3,水獣素材(上位pts),8
ボロスＸフォールド,0,1,8,1,10,99,0,106,148,0,0,1,-2,0,攻撃,3,ガード性能,3,だるま,2,ガード強化,1,,,土砂竜の重殻,3,土砂竜の重甲,3,尖竜骨,3,極上の毛皮,3
ボロスＸコート,0,2,8,1,10,99,0,63,90,0,0,1,-2,0,攻撃,3,変則射撃,3,だるま,2,精密射撃,1,,,土砂竜の重殻,3,土砂竜の重甲,3,尖竜骨,3,極上の毛皮,3
バサルＸフォールド,0,1,8,2,10,99,0,108,150,0,-2,1,1,-3,防御,3,減気攻撃,2,,,,,,,岩竜の重殻,3,ユニオン鉱石,4,業炎袋,3,ゲネポスの厚鱗,4
バサルＸコート,0,2,8,2,10,99,0,64,91,0,-2,1,1,-2,防御,3,減気攻撃,2,,,,,,,岩竜の重殻,3,ユニオン鉱石,4,業炎袋,3,ゲネポスの厚鱗,4
ホロロＸフォールド,0,1,8,1,10,99,0,102,144,-2,-2,1,1,0,睡眠,4,特殊攻撃,2,痛撃,2,観察眼,2,,,夜鳥の特上羽鱗,3,夜鳥の刃尾羽,2,カブレライト鉱石,5,卒倒昏睡袋,2
ホロロＸコート,0,2,8,1,10,99,0,61,88,-1,-2,1,1,0,睡眠,4,特殊攻撃,2,痛撃,2,観察眼,2,,,夜鳥の特上羽鱗,3,夜鳥の刃尾羽,2,カブレライト鉱石,5,卒倒昏睡袋,2
ザボアＸフォールド,0,1,8,1,10,99,0,102,144,-2,3,-4,4,0,寒冷適応,3,ガード性能,3,砲術,2,,,,,化け鮫の厚皮,4,化け鮫の上ヒレ,3,化け鮫の剛刃尾,1,重厚な牙,2
ザボアＸコート,0,2,8,1,10,99,0,61,88,-2,3,-4,5,0,寒冷適応,3,反動,3,砲術,2,,,,,化け鮫の厚皮,4,化け鮫の上ヒレ,3,化け鮫の剛刃尾,1,重厚な牙,2
フルフルＸフォールド,0,1,8,1,10,99,0,108,150,-4,1,4,2,1,回復量,4,加護,3,,,,,,,真珠色の艶皮,2,雷電袋,2,鮫肌の鱗,6,狩技ドリンク,3
フルフルＸコート,0,2,8,1,10,99,0,64,91,-4,1,5,2,1,回復量,4,加護,3,,,,,,,真珠色の艶皮,2,雷電袋,2,鮫肌の鱗,6,狩技ドリンク,3
フルフルXRフォールド,0,1,8,2,11,99,0,102,144,-4,1,4,2,1,回復速度,5,回復量,1,調合成功率,-2,,,,,獰猛化白柔艶皮,1,真珠色の艶皮,5,雷電袋,5,フルフル素材(上位pts),8
フルフルXRコート,0,2,8,2,11,99,0,61,88,-4,1,5,2,1,回復速度,5,回復量,1,調合成功率,-2,,,,,獰猛化白柔艶皮,1,真珠色の艶皮,5,雷電袋,5,フルフル素材(上位pts),8
スキュラＸフォールド,0,1,8,2,10,99,0,110,152,0,2,-2,1,2,体術,2,職工,2,,,,,,,影蜘蛛の重殻,3,影蜘蛛の重鋏角,3,重厚な骨,1,飛甲虫の堅殻,4
スキュラＸコート,0,2,8,2,10,99,0,66,93,0,2,-2,1,3,体術,2,職工,2,,,,,,,影蜘蛛の重殻,3,影蜘蛛の重鋏角,3,重厚な骨,1,飛甲虫の堅殻,4
レイアＸフォールド,0,1,8,2,10,99,0,112,154,3,0,-2,0,-3,走行継続,3,体力,2,回復量,2,,,,,雌火竜の厚鱗,3,業炎袋,2,マボロシチョウ,1,獄炎石,1
レイアＸコート,0,2,8,2,10,99,0,67,94,4,0,-2,0,-3,走行継続,3,体力,2,回復量,1,,,,,雌火竜の厚鱗,3,業炎袋,2,マボロシチョウ,1,獄炎石,1
GXレイアフォールド,0,1,8,1,13,99,0,118,160,3,0,-2,0,-3,野草知識,4,回復量,3,節食,2,,,,,希望の証ＸＸ,1,雌火竜の厚翼膜,2,火竜の延髄,1,異形の重骨,2
GXレイアコート,0,2,8,1,13,99,0,70,97,4,0,-2,0,-3,野草知識,4,回復量,2,節食,2,,,,,希望の証ＸＸ,1,雌火竜の厚翼膜,2,火竜の延髄,1,異形の重骨,2
レイアXRフォールド,0,1,8,0,11,99,0,106,148,3,0,-2,0,-3,体力,8,,,,,,,,,獰猛化雌火竜厚鱗,1,雌火竜の厚鱗,4,雌火竜の厚翼膜,3,雌火竜素材(上位pts),8
レイアXRコート,0,2,8,0,11,99,0,63,90,4,0,-2,0,-3,体力,8,,,,,,,,,獰猛化雌火竜厚鱗,1,雌火竜の厚鱗,4,雌火竜の厚翼膜,3,雌火竜素材(上位pts),8
ハプルＸフォールド,0,1,8,2,10,99,0,112,154,2,0,-1,-3,1,抜刀減気,4,納刀,2,,,,,,,潜口竜の剛爪,2,潜口竜の厚皮,3,極彩色の体液,4,イーオスの厚紫鱗,3
ハプルＸコート,0,2,8,2,10,99,0,67,94,3,0,-1,-3,1,装填速度,5,,,,,,,,,潜口竜の剛爪,2,潜口竜の厚皮,3,極彩色の体液,4,イーオスの厚紫鱗,3
ブランゴＸフォールド,0,1,8,0,10,99,0,108,150,-4,1,0,4,0,納刀,4,体術,4,氷属性攻撃,3,,,,,強靭な牙獣髭,1,ブランゴの豪剛毛,4,重厚な骨,3,ファンゴの厚毛皮,4
ブランゴＸコート,0,2,8,0,10,99,0,64,91,-4,1,0,5,0,納刀,4,体術,4,氷属性攻撃,3,,,,,強靭な牙獣髭,1,ブランゴの豪剛毛,4,重厚な骨,3,ファンゴの厚毛皮,4
GXブランゴフォールド,0,1,8,1,10,99,0,116,158,-4,1,0,4,0,体術,4,溜め短縮,2,スタミナ,2,,,,,高密度の研精石,1,雪獅子の豪剛毛,4,雪獅子の重牙,2,ゲネポスの厚鱗,5
GXブランゴコート,0,2,8,1,10,99,0,69,96,-4,1,0,5,0,体術,4,溜め短縮,2,スタミナ,2,,,,,高密度の研精石,1,雪獅子の豪剛毛,4,雪獅子の重牙,2,ゲネポスの厚鱗,5
ラヴァＸフォールド,0,1,8,1,10,99,0,114,156,4,-4,0,0,1,攻撃,3,窮地,3,根性,2,,,,,溶岩竜の重殻,4,溶岩竜の重牙,3,獄炎石,3,金剛魚,2
ラヴァＸコート,0,2,8,1,10,99,0,68,95,5,-4,0,0,1,攻撃,3,窮地,2,根性,2,,,,,溶岩竜の重殻,4,溶岩竜の重牙,3,獄炎石,3,金剛魚,2
GXラヴァフォールド,0,1,8,2,13,99,0,120,162,4,-4,0,0,1,窮地,3,逆境,2,我慢,2,,,,,希望の証ＸＸ,1,溶岩竜の厚鱗,5,溶岩竜の堅殻,8,獄炎石,4
GXラヴァコート,0,2,8,2,13,99,0,72,99,5,-4,0,0,1,逆境,2,窮地,2,我慢,2,,,,,希望の証ＸＸ,1,溶岩竜の厚鱗,5,溶岩竜の堅殻,8,獄炎石,4
ギザミＸフォールド,0,1,8,1,10,99,0,110,152,1,2,-1,-1,0,達人,5,斬れ味,2,,,,,,,鎌蟹の重殻,3,鎌蟹の重脚,3,獄炎石,2,冥カイコ,2
ギザミＸコート,0,2,8,1,10,99,0,66,93,2,2,-1,-1,0,達人,5,弾薬節約,2,,,,,,,鎌蟹の重殻,3,鎌蟹の重脚,3,獄炎石,2,冥カイコ,2
GXギザミフォールド,0,1,8,0,10,99,0,118,160,1,2,-1,-1,0,達人,3,匠,2,連撃,2,,,,,高密度の研精石,1,鎌蟹の重殻,4,鎌蟹の堅殻,4,強竜骨,1
GXギザミコート,0,2,8,0,10,99,0,70,97,2,2,-1,-1,0,達人,3,通常弾強化,2,連撃,2,,,,,高密度の研精石,1,鎌蟹の重殻,4,鎌蟹の堅殻,4,強竜骨,1
ギザミXRフォールド,0,1,8,1,11,99,0,104,146,1,2,-1,-1,0,斬れ味,6,達人,5,,,,,,,獰猛化鎌蟹重殻,1,鎌蟹の重殻,4,重竜骨,2,鎌蟹素材(上位pts),8
ギザミXRコート,0,2,8,1,11,99,0,62,89,2,2,-1,-1,0,弾薬節約,6,達人,5,,,,,,,獰猛化鎌蟹重殻,1,鎌蟹の重殻,4,重竜骨,2,鎌蟹素材(上位pts),8
ガララＸフォールド,0,1,8,2,10,99,0,112,154,1,-1,0,-3,1,捕獲,3,麻痺,2,聴覚保護,2,,,,,絞蛇竜の重殻,5,絞蛇竜の重鳴甲,2,絞蛇竜の上皮,5,なぞの巨骨,3
ガララＸコート,0,2,8,2,10,99,0,67,94,1,-1,1,-3,1,麻痺,2,聴覚保護,2,捕獲,2,,,,,絞蛇竜の重殻,5,絞蛇竜の重鳴甲,2,絞蛇竜の上皮,5,なぞの巨骨,3
ナルガＸフォールド,0,1,8,3,10,99,0,100,142,-2,1,-3,1,1,達人,3,,,,,,,,,迅竜の豪黒毛,5,迅竜の靭尾,1,迅竜の剛刃翼,3,青熊獣の重殻,4
ナルガＸコート,0,2,8,3,10,99,0,60,87,-2,1,-2,1,1,達人,3,,,,,,,,,迅竜の豪黒毛,5,迅竜の靭尾,1,迅竜の剛刃翼,3,青熊獣の重殻,4
ガルルガＸフォールド,0,1,8,2,11,99,0,116,158,2,-1,2,0,0,剣術,2,聴覚保護,1,納刀研磨,1,採取,-1,,,黒狼鳥の厚鱗,4,黒狼鳥の重殻,4,業炎袋,3,重竜骨,2
ガルルガＸコート,0,2,8,2,11,99,0,69,96,3,-1,2,0,0,変則射撃,2,聴覚保護,1,速射,1,採取,-1,,,黒狼鳥の厚鱗,4,黒狼鳥の重殻,4,業炎袋,3,重竜骨,2
ガンキンＸフォールド,0,1,8,1,11,99,0,126,168,3,-4,0,-1,-2,裂傷,2,攻撃,2,防御,2,抜刀減気,2,,,爆鎚竜の厚鱗,6,爆鎚竜の重耐熱殻,2,爆鎚竜の堅殻,4,赤甲獣の重殻,3
ガンキンＸコート,0,2,8,1,11,99,0,75,102,4,-4,0,-1,-2,裂傷,2,攻撃,2,防御,2,散弾強化,2,,,爆鎚竜の厚鱗,6,爆鎚竜の重耐熱殻,2,爆鎚竜の堅殻,4,赤甲獣の重殻,3
Ｇ・ナイトＸコイル,1,1,8,1,10,99,0,104,146,0,0,0,0,0,剛撃,3,采配,2,運気,2,,,,,不屈の証,1,ランポスの大厚皮,5,極上の毛皮,4,モンスターの濃汁,3
Ｇ・ナイトＸスカート,1,2,8,1,10,99,0,62,89,0,0,0,0,0,裏稼業,3,采配,2,運気,2,,,,,不屈の証,1,ランポスの大厚皮,5,極上の毛皮,4,モンスターの濃汁,3
Ｇ・バードＸコイル,1,1,8,1,10,99,0,104,146,0,0,0,0,0,剛撃,3,号令,2,運気,2,,,,,不屈の証,1,龍歴院チケットＧ,1,雪獅子の豪剛毛,4,エルトライト鉱石,5
Ｇ・バードＸコート,1,2,8,1,10,99,0,62,89,0,0,0,0,0,裏稼業,3,号令,2,運気,2,,,,,不屈の証,1,龍歴院チケットＧ,1,雪獅子の豪剛毛,4,エルトライト鉱石,5
クロムメタルＸコイル,0,1,8,0,13,99,0,110,152,-2,-2,-2,-2,4,胴系統倍加,1,,,,,,,,,不屈の証Ｇ,1,ピュアクリスタル,1,強竜骨,6,,
クロムメタルＸコート,0,2,8,0,13,99,0,66,93,-2,-2,-2,-2,5,胴系統倍加,1,,,,,,,,,不屈の証Ｇ,1,ピュアクリスタル,1,強竜骨,6,,
ヘルパーＸスカート,2,1,9,2,13,10,1,122,160,0,0,0,0,0,広域,3,回復量,2,ＳＰ延長,1,,,,,ポッケチケットＧ,1,ピュアクリスタル,2,雪獅子の豪剛毛,2,盾蟹の重殻,4
ヒーラーＸフリル,2,2,9,2,13,10,1,73,97,0,0,0,0,0,広域,3,回復量,2,ＳＰ延長,1,,,,,ポッケチケットＧ,1,ピュアクリスタル,2,雪獅子の豪剛毛,2,盾蟹の重殻,4
ヘルパーＺスカート,2,1,9,3,13,10,1,124,162,0,0,0,0,0,広域,3,,,,,,,,,ポッケチケットＧ,1,ピュアクリスタル,2,迅竜の豪黒毛,2,盾蟹の重殻,4
ヒーラーＺフリル,2,2,9,3,13,10,1,74,98,0,0,0,0,0,千里眼,3,,,,,,,,,ポッケチケットＧ,1,ピュアクリスタル,2,迅竜の豪黒毛,2,盾蟹の重殻,4
龍歴士Ｘコイル,0,1,9,1,13,10,1,128,166,2,2,-2,-2,2,研磨術,3,寒冷適応,2,炎熱適応,2,回避術,2,,,ベルナチケットＧ,2,龍歴院チケットＧ,2,勇気の証ＸＸ,2,大竜玉,1
龍歴士Ｘコート,0,2,9,1,13,10,1,76,100,2,2,-2,-2,3,寒冷適応,2,炎熱適応,2,研磨術,2,回避術,2,,,ベルナチケットＧ,2,龍歴院チケットＧ,2,勇気の証ＸＸ,2,大竜玉,1
エースＸフォールド,1,1,9,0,13,99,0,118,156,0,0,0,0,0,研ぎ師,2,斬れ味,2,剣術,2,気力回復,2,,,不屈の証Ｇ,1,獰猛化白柔艶皮,1,火竜の剛翼,3,古龍の浄血,2
エースＸコート,1,2,9,0,13,99,0,70,94,0,0,0,0,0,装填数,2,弾薬節約,2,気力回復,2,調合数,2,,,不屈の証Ｇ,1,獰猛化白柔艶皮,1,火竜の剛翼,3,古龍の浄血,2
クイーンＸフォールド,2,1,9,0,13,99,0,118,156,0,0,0,0,0,研ぎ師,2,斬れ味,2,剣術,2,気力回復,2,,,不屈の証Ｇ,1,獰猛化白柔艶皮,1,火竜の剛翼,3,古龍の浄血,2
クイーンＸコート,2,2,9,0,13,99,0,70,94,0,0,0,0,0,装填数,2,弾薬節約,2,気力回復,2,調合数,2,,,不屈の証Ｇ,1,獰猛化白柔艶皮,1,火竜の剛翼,3,古龍の浄血,2
城塞特攻隊【鎖帯】,0,1,9,0,13,99,0,122,160,0,0,0,0,0,回復量,4,匠,2,剥ぎ取り,2,気配,-2,,,希望の証ＸＸ,1,盾蟹の剛爪,4,特大水袋,3,盾蟹の極小殻,6
城塞隠密隊【弾帯】,0,2,9,0,13,99,0,73,97,0,0,0,0,0,回復量,4,反動,2,剥ぎ取り,2,気配,-2,,,希望の証ＸＸ,1,盾蟹の剛爪,4,特大水袋,3,盾蟹の極小殻,6
忍の帯・極天,0,1,9,2,12,99,0,126,164,2,-1,2,-1,1,痛撃,3,連撃,2,気配,2,,,,,ギルドチケットＧ,1,恐暴竜の厚黒皮,4,火竜の重殻,5,古龍の浄濃血,2
忍の帯・極地,0,2,9,2,12,99,0,75,99,2,-1,2,-1,2,痛撃,3,連撃,2,気配,2,,,,,ギルドチケットＧ,1,恐暴竜の厚黒皮,4,火竜の重殻,5,古龍の浄濃血,2
マスターＸフォールド,0,1,9,1,12,99,0,116,154,2,-2,2,-2,2,加護,3,無心,2,英雄の盾,2,剛撃,2,,,ココットチケットＧ,2,勇気の証ＸＸ,2,いにしえの巨龍骨,3,大竜玉,1
マスターＸコート,0,2,9,1,12,99,0,69,93,3,-2,2,-2,2,無心,2,加護,2,英雄の盾,2,剛撃,2,,,ココットチケットＧ,2,勇気の証ＸＸ,2,いにしえの巨龍骨,3,大竜玉,1
桐花・真【腰当て】,0,1,9,2,12,99,0,128,166,-2,2,2,2,-2,連撃,2,属性会心,2,会心強化,2,気力回復,2,,,ユクモチケットＧ,2,足湯チケット,1,才覚の証,2,太古龍骨,1
三葵・真【腰当て】,0,2,9,2,12,99,0,76,100,-2,2,3,2,-2,連撃,2,属性会心,2,会心強化,2,気力回復,2,,,ユクモチケットＧ,2,足湯チケット,1,才覚の証,2,太古龍骨,1
夜叉【腰巻】,0,1,9,2,12,99,0,120,158,2,2,0,-2,-2,連撃,2,増幅,2,剣術,1,底力,-2,,,太古の注連縄,1,発光する上粘液,2,太古龍骨,2,ユクモの重木,2
修羅【腰巻】,0,2,9,2,12,99,0,72,96,2,2,0,-1,-1,連撃,2,増幅,2,装填数,1,底力,-2,,,太古の注連縄,1,発光する上粘液,2,太古龍骨,2,ユクモの重木,2
ヘリオスＸコイル,1,1,9,0,13,99,0,128,166,0,3,-2,1,-3,連撃,4,聴覚保護,3,属性攻撃,2,加護,-2,,,大海原の輝石,1,海竜の厚鱗,3,天彗龍の撃槍翼,2,発光する上粘液,2
ヘリオスＸコート,1,2,9,0,13,99,0,76,100,0,4,-2,1,-3,連撃,4,聴覚保護,3,属性攻撃,2,加護,-2,,,大海原の輝石,1,海竜の厚鱗,3,天彗龍の撃槍翼,2,発光する上粘液,2
セレネＸコイル,2,1,9,0,13,99,0,128,166,0,3,-2,1,-3,連撃,4,聴覚保護,3,属性攻撃,2,加護,-2,,,大海原の輝石,1,海竜の厚鱗,3,天彗龍の撃槍翼,2,発光する上粘液,2
セレネＸコート,2,2,9,0,13,99,0,76,100,0,4,-2,1,-3,連撃,4,聴覚保護,3,属性攻撃,2,加護,-2,,,大海原の輝石,1,海竜の厚鱗,3,天彗龍の撃槍翼,2,発光する上粘液,2
カイゼリンフォールド,0,1,9,1,12,99,0,126,164,3,-2,1,0,-2,回避性能,4,回復量,2,職工,2,跳躍,1,,,※伝説の職人依頼,1,,,,,,
カイゼリンコート,0,2,9,1,12,99,0,75,99,3,-2,1,0,-2,回避性能,3,回復量,2,職工,2,跳躍,1,,,※伝説の職人依頼,1,,,,,,
ウィズダムＸコイル,0,1,9,2,13,99,0,120,158,0,0,0,0,0,効果持続,3,我慢,2,ＳＰ延長,1,調合数,1,,,不屈の証Ｇ,1,龍識船チケット,1,泡狐竜の特錦ヒレ,3,大龍神カズラ,4
ウィズダムＸコート,0,2,9,2,13,99,0,72,96,0,0,0,0,0,効果持続,3,我慢,2,ＳＰ延長,1,調合数,1,,,不屈の証Ｇ,1,龍識船チケット,1,泡狐竜の特錦ヒレ,3,大龍神カズラ,4
リチェルカコイル,2,1,9,2,11,99,0,112,150,0,0,0,0,0,広域,3,調合成功率,2,調合数,2,捕獲,1,,,獰猛化狩猟の証,1,龍歴院チケットＧ,1,泡狐竜の特錦ヒレ,3,大龍神カズラ,4
リチェルカコート,2,2,9,2,11,99,0,67,91,0,0,0,0,0,広域,3,調合成功率,2,調合数,2,捕獲,1,,,獰猛化狩猟の証,1,龍歴院チケットＧ,1,泡狐竜の特錦ヒレ,3,大龍神カズラ,4
チアフルＸベルト,2,1,9,2,11,99,0,116,154,0,0,0,0,0,体力,5,本気,2,,,,,,,獰猛化狩猟の証,1,龍歴院チケットＧ,1,大龍神カズラ,3,雌火竜の厚翼膜,1
チアフルＸバンド,2,2,9,2,11,99,0,69,93,0,0,0,0,0,体力,4,本気,2,,,,,,,獰猛化狩猟の証,1,龍歴院チケットＧ,1,大龍神カズラ,3,雌火竜の厚翼膜,1
セーリオコイル,1,1,9,1,13,99,0,120,158,0,0,0,0,0,達人,4,強欲,3,気絶,2,,,,,※鏖魔Ｇ１クリア,1,,,,,,
セーリオコート,1,2,9,1,13,99,0,72,96,0,0,0,0,0,達人,4,気絶,2,強欲,2,,,,,※鏖魔Ｇ１クリア,1,,,,,,
シャルマンスカート,2,1,9,1,13,99,0,120,158,0,0,0,0,0,達人,4,強欲,3,睡眠,2,,,,,※鏖魔Ｇ１クリア,1,,,,,,
シャルマンフリル,2,2,9,1,13,99,0,72,96,0,0,0,0,0,達人,4,強欲,3,睡眠,2,,,,,※鏖魔Ｇ１クリア,1,,,,,,
ベリオＸフォールド,0,1,9,2,11,99,0,116,154,-3,0,-1,3,0,達人,3,跳躍,3,体術,2,回避性能,2,,,琥珀色の重牙,1,氷牙竜の棘,2,氷牙竜の厚毛皮,3,白兎獣の堅腹甲,3
ベリオＸコート,0,2,9,2,11,99,0,69,93,-3,0,-1,4,0,達人,3,跳躍,3,体術,2,回避性能,2,,,琥珀色の重牙,1,氷牙竜の棘,2,氷牙竜の厚毛皮,3,白兎獣の堅腹甲,3
セルタスＸフォールド,0,1,9,0,11,99,0,122,160,-3,4,-2,-2,5,砲術,4,ガード性能,2,英雄の盾,2,斬れ味,1,,,重甲虫の重殻,4,徹甲虫の斬羽,2,徹甲虫の剛角,1,特大水袋,3
セルタスＸコート,0,2,9,0,11,99,0,73,97,-3,4,-2,-2,6,砲術,4,ガード性能,2,英雄の盾,2,弾薬節約,1,,,重甲虫の重殻,4,徹甲虫の斬羽,2,徹甲虫の剛角,1,特大水袋,3
レウスＸフォールド,0,1,9,2,11,99,0,120,158,4,0,-2,0,-4,攻撃,3,痛撃,2,聴覚保護,1,,,,,火竜の重殻,5,火竜の剛翼,3,堅竜骨,4,メランジェ鉱石,3
レウスＸコート,0,2,9,2,11,99,0,72,96,5,0,-2,0,-4,攻撃,2,痛撃,2,聴覚保護,1,,,,,火竜の重殻,5,火竜の剛翼,3,堅竜骨,4,メランジェ鉱石,3
GXレウスフォールド,0,1,9,2,13,99,0,124,162,4,0,-2,0,-4,底力,3,炎熱適応,2,痛撃,2,,,,,希望の証ＸＸ,1,火竜の重殻,5,火竜の延髄,2,真紅蓮石,3
GXレウスコート,0,2,9,2,13,99,0,74,98,5,0,-2,0,-4,炎熱適応,2,痛撃,2,底力,2,,,,,希望の証ＸＸ,1,火竜の重殻,5,火竜の延髄,2,真紅蓮石,3
レウスXRフォールド,0,1,9,0,13,99,0,116,154,4,0,-2,0,-4,攻撃,9,,,,,,,,,獰猛化火竜厚鱗,1,火竜の重殻,5,火竜の剛翼,4,雄火竜素材(Ｇ級pts),8
レウスXRコート,0,2,9,0,13,99,0,69,93,5,0,-2,0,-4,攻撃,9,,,,,,,,,獰猛化火竜厚鱗,1,火竜の重殻,5,火竜の剛翼,4,雄火竜素材(Ｇ級pts),8
ラギアＸフォールド,0,1,9,0,11,99,0,120,158,-3,2,4,-1,-2,気力回復,3,ガード性能,3,属性攻撃,2,,,,,海竜の雷電殻,2,海竜の厚鱗,5,海竜の剛尾,1,メランジェ鉱石,4
ラギアＸコート,0,2,9,0,11,99,0,72,96,-3,2,5,-1,-2,貫通弾強化,3,属性攻撃,2,気力回復,2,,,,,海竜の雷電殻,2,海竜の厚鱗,5,海竜の剛尾,1,メランジェ鉱石,4
ラギアXRフォールド,0,1,9,0,13,99,0,116,154,-3,2,4,-1,-2,ガード性能,7,属性攻撃,3,,,,,,,獰猛化海竜厚皮,1,海竜の厚皮,4,海竜の雷電殻,5,海竜素材(Ｇ級pts),8
ラギアXRコート,0,2,9,0,13,99,0,69,93,-3,2,5,-1,-2,貫通弾強化,7,属性攻撃,3,,,,,,,獰猛化海竜厚皮,1,海竜の厚皮,4,海竜の雷電殻,5,海竜素材(Ｇ級pts),8
ジンオウＸフォールド,0,1,9,1,11,99,0,120,158,0,-1,4,-4,1,達人,4,属性会心,4,,,,,,,雷狼竜の重殻,4,雷狼竜の雷電毛,2,雷狼竜の靭尾,1,大猪のぶ厚い皮,3
ジンオウＸコート,0,2,9,1,11,99,0,72,96,0,-1,5,-4,1,達人,4,属性会心,4,,,,,,,雷狼竜の重殻,4,雷狼竜の雷電毛,2,雷狼竜の靭尾,1,大猪のぶ厚い皮,3
GXジンオウフォールド,0,1,9,1,13,99,0,124,162,0,-1,4,-4,1,体術,3,本気,3,連撃,2,,,,,希望の証ＸＸ,1,雷狼竜の雷電毛,5,雷狼竜の尖爪,6,雷電袋,4
GXジンオウコート,0,2,9,1,13,99,0,74,98,0,-1,5,-4,1,体術,3,本気,3,連撃,2,,,,,希望の証ＸＸ,1,雷狼竜の雷電毛,5,雷狼竜の尖爪,6,雷電袋,4
グラビドＸフォールド,0,1,9,1,11,99,0,120,158,3,-3,1,0,-2,睡眠,4,ガード性能,4,攻撃,3,,,,,鎧竜の重殻,3,鎧竜の剛翼,2,堅竜骨,3,卒倒昏睡袋,1
グラビドＸコート,0,2,9,1,11,99,0,72,96,4,-3,1,0,-2,睡眠,4,反動,4,攻撃,3,,,,,鎧竜の重殻,3,鎧竜の剛翼,2,堅竜骨,3,卒倒昏睡袋,1
ミツネＸフォールド,0,1,9,2,11,99,0,118,156,0,2,-3,1,-1,腹減り,3,泡沫,2,窮地,2,,,,,泡狐竜の厚鱗,3,泡狐竜の紫靭尾,1,特大水袋,4,真珠色の艶皮,4
ミツネＸコート,0,2,9,2,11,99,0,70,94,0,2,-2,1,-1,腹減り,3,泡沫,2,窮地,2,,,,,泡狐竜の厚鱗,3,泡狐竜の紫靭尾,1,特大水袋,4,真珠色の艶皮,4
ゼクスＸフォールド,0,1,9,1,11,99,0,120,158,0,-2,3,-3,2,気絶,3,連撃,2,気力回復,2,,,,,電竜の超電膜,2,電竜の剛翼爪,4,超高圧電甲,4,雷光ゼリー,5
ゼクスＸコート,0,2,9,1,11,99,0,72,96,0,-2,4,-3,2,気絶,3,連撃,2,気力回復,2,,,,,電竜の超電膜,2,電竜の剛翼爪,4,超高圧電甲,4,雷光ゼリー,5
ガムートＸフォールド,0,1,9,1,11,99,0,124,162,-3,1,-1,3,2,寒冷適応,3,裏会心,2,重撃,1,,,,,巨獣の豪剛毛,5,巨獣の重牙,2,巨獣の赤毛,8,大猪の大剛牙,4
ガムートＸコート,0,2,9,1,11,99,0,74,98,-3,1,-1,4,2,寒冷適応,2,裏会心,2,重撃,1,,,,,巨獣の豪剛毛,5,巨獣の重牙,2,巨獣の赤毛,8,大猪の大剛牙,4
ディノＸフォールド,0,1,9,2,11,99,0,122,160,3,-3,1,0,-1,匠,3,回避性能,2,研磨術,1,,,,,斬竜の重殻,2,斬竜の重牙,4,斬竜の厚鱗,3,獄炎石,5
ディノＸコート,0,2,9,2,11,99,0,73,97,4,-3,1,0,-1,射法,3,装填数,2,研磨術,1,,,,,斬竜の重殻,2,斬竜の重牙,4,斬竜の厚鱗,3,獄炎石,5
アグナＸフォールド,0,1,9,0,12,99,0,122,160,4,-4,0,-1,0,ガード性能,4,炎熱適応,3,ガード強化,2,,,,,炎戈竜の特上ヒレ,4,炎戈竜の燃鱗,6,溶岩獣の厚鱗,8,イーオスの大上皮,5
アグナＸコート,0,2,9,0,12,99,0,73,97,6,-4,0,-1,0,反動,4,炎熱適応,2,ガード強化,2,,,,,炎戈竜の特上ヒレ,4,炎戈竜の燃鱗,6,溶岩獣の厚鱗,8,イーオスの大上皮,5
ゴアＸフォールド,0,1,9,1,11,99,0,122,160,-2,2,-1,2,-2,狂撃耐性,3,体術,3,回避性能,3,,,,,黒蝕竜の暗黒翼,2,黒蝕竜の重殻,2,黒蝕竜の剛触角,1,黒蝕竜の靱尾,1
ゴアＸコート,0,2,9,1,11,99,0,73,97,-2,3,-1,2,-2,狂撃耐性,3,体術,3,回避性能,3,,,,,黒蝕竜の暗黒翼,2,黒蝕竜の重殻,2,黒蝕竜の剛触角,1,黒蝕竜の靱尾,1
GXゴアフォールド,0,1,9,1,13,99,0,126,164,-2,2,-1,2,-2,闘魂,4,細菌学,3,我慢,2,,,,,希望の証ＸＸ,1,黒蝕竜の厚鱗,4,黒蝕竜の靱尾,2,天廻龍の剛浄爪,3
GXゴアコート,0,2,9,1,13,99,0,75,99,-2,3,-1,2,-2,闘魂,4,細菌学,3,我慢,2,,,,,希望の証ＸＸ,1,黒蝕竜の厚鱗,4,黒蝕竜の靱尾,2,天廻龍の剛浄爪,3
ゴアXRフォールド,0,1,9,2,13,99,0,116,154,-2,2,-1,2,-2,闘魂,7,,,,,,,,,獰猛化黒蝕竜厚鱗,1,黒蝕竜の厚鱗,5,黒蝕竜の剛惨爪,5,黒蝕竜素材(Ｇ級pts),8
ゴアXRコート,0,2,9,2,13,99,0,69,93,-2,3,-1,2,-2,闘魂,6,,,,,,,,,獰猛化黒蝕竜厚鱗,1,黒蝕竜の厚鱗,5,黒蝕竜の剛惨爪,5,黒蝕竜素材(Ｇ級pts),8
レギオスＸフォールド,0,1,9,2,12,99,0,120,158,2,0,-3,-2,0,抜刀会心,2,刃鱗,2,体術,2,,,,,千刃竜の斬刃鱗,5,千刃竜の破刃,4,千刃竜の斬翼爪,4,砂竜の特上ヒレ,4
レギオスＸコート,0,2,9,2,12,99,0,72,96,4,0,-3,-2,0,刃鱗,2,射法,2,体術,2,,,,,千刃竜の斬刃鱗,5,千刃竜の破刃,4,千刃竜の斬翼爪,4,砂竜の特上ヒレ,4
ドボルＸフォールド,0,1,9,2,12,99,0,126,164,-3,2,1,-2,1,重撃,3,剛腕,2,溜め短縮,1,,,,,尾槌竜の重苔甲,4,尾槌竜の堅殻,6,大猪の大剛牙,3,ファンゴの厚毛皮,6
ドボルＸコート,0,2,9,2,12,99,0,75,99,-2,2,1,-2,1,重撃,3,剛腕,2,溜め短縮,1,,,,,尾槌竜の重苔甲,4,尾槌竜の堅殻,6,大猪の大剛牙,3,ファンゴの厚毛皮,6
レックスＸフォールド,0,1,9,1,12,99,0,124,162,2,0,-3,0,-2,食事,4,聴覚保護,3,無傷,2,,,,,轟竜の重殻,4,轟竜の厚鱗,5,強竜骨,3,王族カナブン,5
レックスＸコート,0,2,9,1,12,99,0,74,98,4,0,-3,0,-2,聴覚保護,3,食事,3,無傷,2,,,,,轟竜の重殻,4,轟竜の厚鱗,5,強竜骨,3,王族カナブン,5
GXレックスフォールド,0,1,9,1,13,99,0,126,164,2,0,-3,0,-2,食事,3,逆上,2,肉食,2,,,,,希望の証ＸＸ,1,轟竜の重殻,6,轟竜の靭尾,2,恐暴竜の剛鉤爪,3
GXレックスコート,0,2,9,1,13,99,0,75,99,4,0,-3,0,-2,食事,3,逆上,2,肉食,2,,,,,希望の証ＸＸ,1,轟竜の重殻,6,轟竜の靭尾,2,恐暴竜の剛鉤爪,3
レックスXRフォールド,0,1,9,1,13,99,0,120,158,2,0,-3,0,-2,聴覚保護,6,,,,,,,,,獰猛化轟竜厚鱗,1,轟竜の厚鱗,5,轟竜の靭尾,2,轟竜素材(Ｇ級pts),8
レックスXRコート,0,2,9,1,13,99,0,72,96,4,0,-3,0,-2,聴覚保護,6,,,,,,,,,獰猛化轟竜厚鱗,1,轟竜の厚鱗,5,轟竜の靭尾,2,轟竜素材(Ｇ級pts),8
ディアブロＸコイル,0,1,9,1,12,99,0,124,162,3,-1,-1,-3,-1,納刀研磨,5,重撃,2,闘魂,2,抜刀会心,1,,,角竜の重甲,3,角竜の牙,2,角竜の重殻,3,ピュアクリスタル,2
ディアブロＸコート,0,2,9,1,12,99,0,74,98,3,0,0,-3,0,納刀,5,重撃,2,装填速度,1,闘魂,1,,,角竜の重甲,3,角竜の牙,2,角竜の重殻,3,ピュアクリスタル,2
ディアブロXRコイル,0,1,9,1,13,99,0,118,156,3,-1,-1,-3,-1,納刀研磨,8,,,,,,,,,獰猛化角竜重殻,1,角竜の重殻,3,角竜の重尾甲,2,角竜素材(Ｇ級pts),8
ディアブロXRコート,0,2,9,1,13,99,0,70,94,3,0,0,-3,0,納刀,8,,,,,,,,,獰猛化角竜重殻,1,角竜の重殻,3,角竜の重尾甲,2,角竜素材(Ｇ級pts),8
キリンＸフープ,0,1,9,2,11,99,0,124,162,-1,-1,3,0,2,加護,3,属性会心,2,スタミナ,2,属性攻撃,1,,,キリンの特上皮,1,キリンの上皮,3,キリンの剛蒼角,2,雷電袋,3
キリンＸショルト,0,2,9,2,11,99,0,74,98,-1,-1,4,0,2,属性会心,2,スタミナ,2,加護,2,属性攻撃,1,,,キリンの特上皮,1,キリンの上皮,3,キリンの剛蒼角,2,雷電袋,3
キリンXRフープ,0,1,9,1,11,99,0,120,158,-1,-1,3,0,2,属性攻撃,5,,,,,,,,,獰猛な雷電袋,1,キリンの靭雷尾,3,キリンの上皮,5,獰猛化素材(Ｇ級pts),8
キリンXRショルト,0,2,9,1,11,99,0,72,96,-1,-1,4,0,2,属性攻撃,5,,,,,,,,,獰猛な雷電袋,1,キリンの靭雷尾,3,キリンの上皮,5,獰猛化素材(Ｇ級pts),8
ブラキＸフォールド,0,1,9,1,12,99,0,126,164,2,-4,0,-2,0,納刀研磨,4,闘魂,4,細菌学,2,,,,,砕竜の剛鉄拳,1,砕竜の靭尾,1,砕竜の重殻,3,カワズの大殿油,2
ブラキＸコート,0,2,9,1,12,99,0,75,99,2,-3,0,-2,0,変則射撃,4,闘魂,4,細菌学,2,,,,,砕竜の剛鉄拳,1,砕竜の靭尾,1,砕竜の重殻,3,カワズの大殿油,2
GXブラキフォールド,0,1,9,3,13,99,0,130,168,2,-4,0,-2,0,匠,2,爆弾強化,1,,,,,,,希望の証ＸＸ,1,砕竜の剛鉄拳,3,砕竜の靭尾,2,真紅蓮石,5
GXブラキコート,0,2,9,3,13,99,0,78,102,2,-3,0,-2,0,速射,2,爆弾強化,1,,,,,,,希望の証ＸＸ,1,砕竜の剛鉄拳,3,砕竜の靭尾,2,真紅蓮石,5
アークＸフォールド,1,1,9,2,12,99,0,130,168,-2,2,0,2,-4,潔癖,3,節食,2,匠,1,,,,,天廻龍の光虹翼,2,天廻龍の重殻,4,天廻龍の靭尾,1,ピュアクリスタル,2
アークＸコート,1,2,9,2,12,99,0,78,102,-2,2,0,2,-3,潔癖,3,節食,2,通常弾強化,1,,,,,天廻龍の光虹翼,2,天廻龍の重殻,4,天廻龍の靭尾,1,ピュアクリスタル,2
フィリアＸフォールド,2,1,9,2,12,99,0,130,168,-2,2,0,2,-4,潔癖,3,節食,2,匠,1,,,,,天廻龍の光虹翼,2,天廻龍の重殻,4,天廻龍の靭尾,1,ピュアクリスタル,2
フィリアＸコート,2,2,9,2,12,99,0,78,102,-2,2,0,2,-3,潔癖,3,節食,2,通常弾強化,1,,,,,天廻龍の光虹翼,2,天廻龍の重殻,4,天廻龍の靭尾,1,ピュアクリスタル,2
GXアークフォールド,1,1,9,2,13,99,0,132,170,-2,2,0,2,-4,ガード性能,2,チャンス,2,節食,2,,,,,希望の証ＸＸ,1,天廻龍の厚鱗,5,天廻龍の靭尾,1,黒蝕竜の剛惨爪,2
GXアークコート,1,2,9,2,13,99,0,79,103,-2,2,0,2,-3,反動,2,チャンス,2,節食,2,,,,,希望の証ＸＸ,1,天廻龍の厚鱗,5,天廻龍の靭尾,1,黒蝕竜の剛惨爪,2
GXフィリアフォールド,2,1,9,2,13,99,0,132,170,-2,2,0,2,-4,ガード性能,2,チャンス,2,節食,2,,,,,希望の証ＸＸ,1,天廻龍の厚鱗,5,天廻龍の靭尾,1,黒蝕竜の剛惨爪,2
GXフィリアコート,2,2,9,2,13,99,0,79,103,-2,2,0,2,-3,反動,2,チャンス,2,節食,2,,,,,希望の証ＸＸ,1,天廻龍の厚鱗,5,天廻龍の靭尾,1,黒蝕竜の剛惨爪,2
アークXRフォールド,1,1,9,3,13,99,0,124,162,-2,2,0,2,-4,回復量,7,無傷,2,匠,1,,,,,獰猛な蝕龍厚鱗,1,天廻龍の重殻,5,獰猛化黒蝕竜厚鱗,1,天廻龍素材(Ｇ級pts),8
アークXRコート,1,2,9,3,13,99,0,74,98,-2,2,0,2,-3,回復量,7,無傷,2,,,,,,,獰猛な蝕龍厚鱗,1,天廻龍の重殻,5,獰猛化黒蝕竜厚鱗,1,天廻龍素材(Ｇ級pts),8
フィリアXRフォールド,2,1,9,3,13,99,0,124,162,-2,2,0,2,-4,回復量,7,無傷,2,匠,1,,,,,獰猛な蝕龍厚鱗,1,天廻龍の重殻,5,獰猛化黒蝕竜厚鱗,1,天廻龍素材(Ｇ級pts),8
フィリアXRコート,2,2,9,3,13,99,0,74,98,-2,2,0,2,-3,回復量,7,無傷,2,,,,,,,獰猛な蝕龍厚鱗,1,天廻龍の重殻,5,獰猛化黒蝕竜厚鱗,1,天廻龍素材(Ｇ級pts),8
バルクＸフォールド,0,1,9,1,12,99,0,134,172,-2,-2,-2,-2,3,攻撃,5,走行継続,3,龍気,2,窮地,2,,,天彗龍の厚鱗,4,天彗龍の撃槍翼,1,古龍の浄血,2,天廻龍の厚鱗,3
バルクＸコート,0,2,9,1,12,99,0,80,104,-2,-2,-2,-2,4,攻撃,5,走行継続,3,龍気,2,窮地,2,,,天彗龍の厚鱗,4,天彗龍の撃槍翼,1,古龍の浄血,2,天廻龍の厚鱗,3
斉天ノ帯・真,0,1,9,2,12,99,0,120,158,2,1,3,-5,2,逆上,2,無心,2,攻撃,1,気配,-2,,,金獅子の剛角,1,金獅子の黒荒毛,4,金獅子の重牙,3,炎戈竜の上ヒレ,2
仙師ノ帯・真,0,2,9,2,12,99,0,72,96,2,1,3,-4,2,無傷,2,気配,2,無心,2,攻撃,1,,,金獅子の剛角,1,金獅子の黒荒毛,4,金獅子の重牙,3,炎戈竜の上ヒレ,2
バンギスＸコイル,0,1,9,2,12,99,0,128,166,0,0,-4,0,-4,痛撃,2,重撃,2,食欲,2,,,,,恐暴竜の厚黒皮,4,恐暴竜の剛鉤爪,3,恐暴竜の黒鱗,8,迅竜の延髄,1
バンギスＸコート,0,2,9,2,12,99,0,76,100,0,0,-3,0,-4,痛撃,2,重撃,2,食欲,2,,,,,恐暴竜の厚黒皮,4,恐暴竜の剛鉤爪,3,恐暴竜の黒鱗,8,迅竜の延髄,1
ケイオスフォールド,1,1,9,0,13,99,0,126,164,-3,3,-1,2,-3,攻撃,5,狂撃耐性,2,剛撃,2,運気,-2,,,二律を纏う乱翼,2,渾沌の竜鱗,3,黒蝕竜の靱尾,1,金色の絲,3
ケイオスコート,1,2,9,0,13,99,0,75,99,-2,3,-1,2,-3,攻撃,4,狂撃耐性,2,剛撃,2,運気,-2,,,二律を纏う乱翼,2,渾沌の竜鱗,3,黒蝕竜の靱尾,1,金色の絲,3
ネフィリムフォールド,2,1,9,0,13,99,0,126,164,-3,3,-1,2,-3,攻撃,5,狂撃耐性,2,剛撃,2,運気,-2,,,二律を纏う乱翼,2,渾沌の竜鱗,3,黒蝕竜の靱尾,1,金色の絲,3
ネフィリムコート,2,2,9,0,13,99,0,75,99,-2,3,-1,2,-3,攻撃,4,狂撃耐性,2,剛撃,2,運気,-2,,,二律を纏う乱翼,2,渾沌の竜鱗,3,黒蝕竜の靱尾,1,金色の絲,3
クロオビＸフォールド,0,1,9,0,10,99,0,120,158,3,3,3,3,3,本気,6,会心強化,2,,,,,,,タツジンチケットＧ,1,カブラコイン,2,ガルルガコイン,2,,
クロオビＸコート,0,2,9,0,10,99,0,72,96,3,3,3,3,4,本気,6,会心強化,2,,,,,,,タツジンチケットＧ,1,カブラコイン,2,ガルルガコイン,2,,
ガーディアンＸコイル,1,1,9,2,13,7,1,126,164,0,0,0,0,0,ガード性能,3,研ぎ師,1,気配,-2,,,,,ココットチケットＧ,1,ピュアクリスタル,2,海竜の上皮,3,盾蟹の重殻,4
ガーディアンＸコート,1,2,9,2,13,7,1,75,99,0,0,0,0,0,ガード性能,3,装填速度,1,気配,-2,,,,,ココットチケットＧ,1,ピュアクリスタル,2,海竜の上皮,3,盾蟹の重殻,4
ガーディアンＺコイル,1,1,9,2,13,7,1,128,166,0,0,0,0,0,ガード性能,3,砲術,1,気配,-2,,,,,ココットチケットＧ,1,ピュアクリスタル,3,火竜の厚鱗,2,盾蟹の重殻,4
ガーディアンＺコート,1,2,9,2,13,7,1,76,100,0,0,0,0,0,ガード性能,3,反動,1,気配,-2,,,,,ココットチケットＧ,1,ピュアクリスタル,3,火竜の厚鱗,2,盾蟹の重殻,4
Ｇ・ガードＸコイル蒼,1,1,9,1,13,99,0,130,168,0,0,0,0,0,気まぐれ,4,采配,2,護石王,2,,,,,ギルドチケットＧ,1,ポッケチケットＧ,1,青熊獣の豪剛毛,6,鎌蟹の堅殻,3
Ｇ・ガードＸコート蒼,1,2,9,1,13,99,0,78,102,0,0,0,0,0,気まぐれ,4,采配,2,護石王,2,,,,,ギルドチケットＧ,1,ポッケチケットＧ,1,青熊獣の豪剛毛,6,鎌蟹の堅殻,3
Ｇ・ガードＸコイル蒼,2,1,9,1,13,99,0,130,168,0,0,0,0,0,気まぐれ,4,采配,2,護石王,2,,,,,ギルドチケットＧ,1,ポッケチケットＧ,1,青熊獣の豪剛毛,6,鎌蟹の堅殻,3
Ｇ・ガードＸコート蒼,2,2,9,1,13,99,0,78,102,0,0,0,0,0,気まぐれ,4,采配,2,護石王,2,,,,,ギルドチケットＧ,1,ポッケチケットＧ,1,青熊獣の豪剛毛,6,鎌蟹の堅殻,3
Ｇ・ガードＸコイル紅,1,1,9,2,13,99,0,130,168,0,0,0,0,0,重撃,2,采配,2,剥ぎ取り,2,,,,,ギルドチケットＧ,1,ポッケチケットＧ,1,盾蟹の重殻,6,イーオスの上鱗,8
Ｇ・ガードＸコート紅,1,2,9,2,13,99,0,78,102,0,0,0,0,0,重撃,2,采配,2,剥ぎ取り,2,,,,,ギルドチケットＧ,1,ポッケチケットＧ,1,盾蟹の重殻,6,イーオスの上鱗,8
Ｇ・ガードＸコイル紅,2,1,9,2,13,99,0,130,168,0,0,0,0,0,重撃,2,采配,2,剥ぎ取り,2,,,,,ギルドチケットＧ,1,ポッケチケットＧ,1,盾蟹の重殻,6,イーオスの上鱗,8
Ｇ・ガードＸコート紅,2,2,9,2,13,99,0,78,102,0,0,0,0,0,重撃,2,采配,2,剥ぎ取り,2,,,,,ギルドチケットＧ,1,ポッケチケットＧ,1,盾蟹の重殻,6,イーオスの上鱗,8
ブラックＸスパイン,0,1,9,0,13,99,0,124,162,2,2,2,2,-5,属性耐性,3,抜刀会心,2,溜め短縮,2,居合,2,,,発光する濃粘液,4,ポッケチケットＧ,2,黒い塊,2,いにしえの巨龍骨,4
ブラックＸスケイル,0,2,9,0,13,99,0,74,98,2,2,2,3,-5,属性耐性,3,貫通弾強化,2,溜め短縮,2,潔癖,2,,,発光する濃粘液,4,ポッケチケットＧ,2,黒い塊,2,いにしえの巨龍骨,4
ダマスクＸコイル,0,1,9,1,13,99,0,120,158,-1,2,-3,1,-1,無心,3,だるま,2,納刀研磨,2,抜刀会心,1,,,骸龍の恐口腕甲,2,金火竜の厚鱗,4,銀火竜の厚鱗,3,尖骸棘殻,3
ダマスクＸコート,0,2,9,1,13,99,0,72,96,-1,2,-3,1,-1,無心,3,だるま,2,変則射撃,2,貫通弾強化,1,,,骸龍の恐口腕甲,2,金火竜の厚鱗,4,銀火竜の厚鱗,3,尖骸棘殻,3
ダマスクXRコイル,0,1,9,1,13,99,0,114,152,-1,2,-3,1,-1,抜刀会心,7,,,,,,,,,獰猛化狩猟の証,1,獰猛化海竜厚皮,2,剛骸棘殻,4,獰猛化素材(Ｇ級pts),8
ダマスクXRコート,0,2,9,1,13,99,0,68,92,-1,2,-3,1,-1,貫通弾強化,7,,,,,,,,,獰猛化狩猟の証,1,獰猛化海竜厚皮,2,剛骸棘殻,4,獰猛化素材(Ｇ級pts),8
クシャナＸアンダ,0,1,10,1,13,99,0,132,170,-1,2,-2,3,-3,匠,3,対炎龍,3,納刀研磨,2,,,,,鋼龍の重殻,1,鋼龍の剛爪,2,鋼龍の靭尾,1,真紅蓮石,1
クシャナＸアドミ,0,2,10,2,13,99,0,79,103,-1,2,-2,5,-3,速射,2,弾薬節約,2,対炎龍,2,,,,,鋼龍の重殻,1,鋼龍の剛爪,2,鋼龍の靭尾,1,真紅蓮石,1
GXクシャナアンダ,0,1,10,1,13,99,0,134,172,-1,2,-2,3,-3,跳躍,4,ガード性能,3,回避性能,1,,,,,覇王の証,1,鋼龍の重殻,5,鋼龍の剛爪,5,鋼龍素材(Ｇ級pts),8
GXクシャナアドミ,0,2,10,1,13,99,0,80,104,-1,2,-2,5,-3,跳躍,4,装填速度,3,回避性能,1,,,,,覇王の証,1,鋼龍の重殻,5,鋼龍の剛爪,5,鋼龍素材(Ｇ級pts),8
クシャナXRアンダ,0,1,10,1,13,99,0,126,164,-1,2,-2,3,-3,匠,6,毒,-2,,,,,,,古龍の浄濃血,1,獰猛な大氷塊,2,鋼龍の靭尾,3,獰猛化素材(Ｇ級pts),8
クシャナXRアドミ,0,2,10,1,13,99,0,75,99,-1,2,-2,5,-3,装填数,6,毒,-2,,,,,,,古龍の浄濃血,1,獰猛な大氷塊,2,鋼龍の靭尾,3,獰猛化素材(Ｇ級pts),8
ミヅハ真【丸帯】,0,1,10,2,13,99,0,124,162,-5,1,0,2,-3,特殊攻撃,2,対鋼龍,2,聴覚保護,1,,,,,霞龍の特上皮,2,霞龍の靭尾,1,霞龍の剛爪,2,ピュアクリスタル,1
トヨタマ真【丸帯】,0,2,10,2,13,99,0,74,98,-4,1,0,2,-3,特殊攻撃,2,聴覚保護,1,対鋼龍,1,,,,,霞龍の特上皮,2,霞龍の靭尾,1,霞龍の剛爪,2,ピュアクリスタル,1
GXミヅハ【丸帯】,0,1,10,0,13,99,0,128,166,-5,1,0,2,-3,聴覚保護,3,茸食,3,笛,2,我慢,2,,,覇王の証,1,霞龍の特上皮,5,霞龍の剛爪,5,霞龍素材(Ｇ級pts),8
GXトヨタマ【丸帯】,0,2,10,0,13,99,0,76,100,-4,1,0,2,-3,聴覚保護,3,茸食,3,笛,2,我慢,2,,,覇王の証,1,霞龍の特上皮,5,霞龍の剛爪,5,霞龍素材(Ｇ級pts),8
カイザーＸフォールド,0,1,10,0,13,99,0,128,166,4,-4,1,-1,-3,闘魂,4,気力回復,2,対霞龍,2,,,,,獄炎の厚龍鱗,4,炎龍の塵粉,4,炎王龍の靭尾,1,古龍の浄濃血,2
カイザーＸコート,0,2,10,0,13,99,0,76,100,4,-3,1,-1,-3,闘魂,3,気力回復,2,対霞龍,2,,,,,獄炎の厚龍鱗,4,炎龍の塵粉,4,炎王龍の靭尾,1,古龍の浄濃血,2
GXカイザーフォールド,0,1,10,1,13,99,0,132,170,4,-4,1,-1,-3,達人,4,聴覚保護,3,回避性能,3,,,,,覇王の証,1,炎王龍の重殻,5,獄炎の厚龍鱗,3,炎王龍素材(Ｇ級pts),8
GXカイザーコート,0,2,10,1,13,99,0,79,103,4,-3,1,-1,-3,達人,4,聴覚保護,3,回避性能,2,,,,,覇王の証,1,炎王龍の重殻,5,獄炎の厚龍鱗,3,炎王龍素材(Ｇ級pts),8
Ｓ・ソルＺコイル,0,1,10,2,13,99,0,130,168,2,-5,-4,0,4,痛撃,2,闘魂,2,会心強化,1,,,,,銀火竜の重殻,4,火竜の剛翼,3,火竜の延髄,2,業炎袋,3
Ｓ・ソルＺコート,0,2,10,2,13,99,0,78,102,2,-5,-4,0,4,痛撃,2,闘魂,2,会心強化,1,,,,,銀火竜の重殻,4,火竜の剛翼,3,火竜の延髄,2,業炎袋,3
GXＳ・ソルコイル,0,1,10,0,13,99,0,132,170,2,-5,-4,0,4,剥ぎ取り,4,納刀,2,護石収集,2,,,,,覇王の証,1,銀火竜の厚鱗,5,煌炎の雫,4,雄火竜素材(Ｇ級pts),8
GXＳ・ソルコート,0,2,10,0,13,99,0,79,103,2,-5,-4,0,4,剥ぎ取り,4,納刀,2,護石収集,2,,,,,覇王の証,1,銀火竜の厚鱗,5,煌炎の雫,4,雄火竜素材(Ｇ級pts),8
Ｓ・ソルXRフォールド,0,1,10,0,13,99,0,126,164,2,-5,-4,0,4,会心強化,8,,,,,,,,,獰猛化銀火竜厚鱗,1,銀火竜の厚鱗,5,火竜の延髄,3,獰猛化素材(Ｇ級pts),8
Ｓ・ソルXRコート,0,2,10,0,13,99,0,75,99,2,-5,-4,0,4,会心強化,8,,,,,,,,,獰猛化銀火竜厚鱗,1,銀火竜の厚鱗,5,火竜の延髄,3,獰猛化素材(Ｇ級pts),8
Ｇ・ルナＺコイル,0,1,10,1,13,99,0,126,164,2,-4,-6,0,4,祈願,3,逆上,2,節食,2,,,,,金火竜の厚鱗,4,雌火竜の厚翼膜,3,煌炎の雫,3,真紅蓮石,2
Ｇ・ルナＺコート,0,2,10,1,13,99,0,75,99,2,-4,-5,0,4,祈願,3,無傷,2,節食,2,,,,,金火竜の厚鱗,4,雌火竜の厚翼膜,3,煌炎の雫,3,真紅蓮石,2
GXＧ・ルナコイル,0,1,10,0,13,99,0,130,168,2,-4,-6,0,4,運気,5,効果持続,2,護石収集,2,,,,,覇王の証,1,金火竜の厚鱗,5,煌炎の雫,3,雌火竜素材(Ｇ級pts),8
GXＧ・ルナコート,0,2,10,0,13,99,0,78,102,2,-4,-5,0,4,運気,4,効果持続,2,護石収集,2,,,,,覇王の証,1,金火竜の厚鱗,5,煌炎の雫,3,雌火竜素材(Ｇ級pts),8
怒天ノ帯・真,0,1,10,1,13,99,0,130,168,2,1,3,-6,2,無心,2,回避術,2,溜め短縮,1,気配,-2,,,羅刹の金剛角,1,金獅子の怒髪,3,金獅子の剛爪,3,銀火竜の厚鱗,3
心滅ノ帯・真,0,2,10,1,13,99,0,78,102,2,1,3,-5,2,気配,2,無心,2,潔癖,2,溜め短縮,1,,,羅刹の金剛角,1,金獅子の怒髪,3,金獅子の剛爪,3,銀火竜の厚鱗,3
グリードＺフォールド,0,1,10,0,13,99,0,132,170,-2,-2,-5,-2,-2,匠,3,斬れ味,3,盾持,2,,,,,血戦の漆黒皮,3,恐暴竜の重牙,2,恐暴竜の重尾,2,古龍の浄濃血,1
グリードＺコート,0,2,10,1,13,99,0,79,103,-2,-2,-4,-2,-2,射法,3,通常弾強化,2,盾持,2,,,,,血戦の漆黒皮,3,恐暴竜の重牙,2,恐暴竜の重尾,2,古龍の浄濃血,1
グリードXRフォールド,0,1,10,3,13,99,0,128,166,-2,-2,-5,-2,-2,匠,5,,,,,,,,,獰猛化恐暴竜厚鱗,1,血戦の漆黒皮,5,恐暴竜の重尾,3,獰猛化素材(Ｇ級pts),8
グリードXRコート,0,2,10,3,13,99,0,76,100,-2,-2,-4,-2,-2,通常弾強化,5,,,,,,,,,獰猛化恐暴竜厚鱗,1,血戦の漆黒皮,5,恐暴竜の重尾,3,獰猛化素材(Ｇ級pts),8
ブラキウムフォールド,0,1,10,2,13,99,0,134,172,4,-2,0,-3,0,闘魂,4,底力,3,剛腕,2,乗り,-2,,,砕竜の撃滅拳,1,砕竜の重殻,4,砕竜の靭尾,2,真紅蓮石,3
ブラキウムコート,0,2,10,2,13,99,0,80,104,5,-1,0,-2,0,闘魂,4,底力,3,剛腕,2,乗り,-2,,,砕竜の撃滅拳,1,砕竜の重殻,4,砕竜の靭尾,2,真紅蓮石,3
暁丸【腰当て】,1,1,10,1,11,99,0,120,158,-2,2,0,2,-3,底力,3,斬術,3,回避距離,2,,,,,老山龍の重殻,3,老山龍の巨爪,2,鎧竜の重殻,4,古龍の浄血,2
曙丸【腰当て】,1,2,10,1,11,99,0,72,96,-1,2,0,2,-2,裏稼業,3,溜め短縮,2,底力,2,,,,,老山龍の重殻,3,老山龍の巨爪,2,鎧竜の重殻,4,古龍の浄血,2
凛【腰当て】,2,1,10,1,11,99,0,120,158,-2,2,0,2,-3,底力,3,斬術,3,回避距離,2,,,,,老山龍の重殻,3,老山龍の巨爪,2,鎧竜の重殻,4,古龍の浄血,2
艶【腰当て】,2,2,10,1,11,99,0,72,96,-1,2,0,2,-2,裏稼業,3,溜め短縮,2,底力,2,,,,,老山龍の重殻,3,老山龍の巨爪,2,鎧竜の重殻,4,古龍の浄血,2
GX暁丸【腰当て】,1,1,10,1,11,99,0,122,160,-2,2,0,2,-3,逆上,3,斬術,3,納刀,2,,,,,EX老山龍チケット,1,老山龍の重殻,4,老山龍の巨爪,2,老山龍素材(Ｇ級pts),8
GX曙丸【腰当て】,1,2,10,1,11,99,0,73,97,-1,2,0,2,-2,裏稼業,3,体術,2,逆上,2,,,,,EX老山龍チケット,1,老山龍の重殻,4,老山龍の巨爪,2,老山龍素材(Ｇ級pts),8
GX凛【腰当て】,2,1,10,1,11,99,0,122,160,-2,2,0,2,-3,逆上,3,斬術,3,納刀,2,,,,,EX老山龍チケット,1,老山龍の重殻,4,老山龍の巨爪,2,老山龍素材(Ｇ級pts),8
GX艶【腰当て】,2,2,10,1,11,99,0,73,97,-1,2,0,2,-2,裏稼業,3,体術,2,逆上,2,,,,,EX老山龍チケット,1,老山龍の重殻,4,老山龍の巨爪,2,老山龍素材(Ｇ級pts),8
暁丸戦流【腰当て】,1,1,10,1,11,99,0,116,154,-2,2,0,2,-3,底力,8,斬れ味,2,,,,,,,老山龍の重殻,3,老山龍の巨爪,2,獰猛な重尖爪,2,,
曙丸戦流【腰当て】,1,2,10,1,11,99,0,69,93,-1,2,0,2,-2,痛撃,8,装填数,2,,,,,,,老山龍の重殻,3,老山龍の巨爪,2,獰猛な重尖爪,2,,
凛戦流【腰当て】,2,1,10,1,11,99,0,116,154,-2,2,0,2,-3,底力,8,斬れ味,2,,,,,,,老山龍の重殻,3,老山龍の巨爪,2,獰猛な重尖爪,2,,
艶戦流【腰当て】,2,2,10,1,11,99,0,69,93,-1,2,0,2,-2,痛撃,8,装填数,2,,,,,,,老山龍の重殻,3,老山龍の巨爪,2,獰猛な重尖爪,2,,
暁丸亜流【腰当て】,1,1,10,0,13,99,0,130,168,-2,2,0,2,-3,スタミナ,3,斬術,3,回避性能,2,無心,2,,,EX老山龍チケットＳ,1,老山龍の重殻,4,獰猛な重剛爪,2,,
曙丸亜流【腰当て】,1,2,10,0,13,99,0,78,102,-1,2,0,2,-2,裏稼業,3,溜め短縮,2,スタミナ,2,無心,2,,,EX老山龍チケットＳ,1,老山龍の重殻,4,獰猛な重剛爪,2,,
凛亜流【腰当て】,2,1,10,0,13,99,0,130,168,-2,2,0,2,-3,スタミナ,3,斬術,3,回避性能,2,無心,2,,,EX老山龍チケットＳ,1,老山龍の重殻,4,獰猛な重剛爪,2,,
艶亜流【腰当て】,2,2,10,0,13,99,0,78,102,-1,2,0,2,-2,裏稼業,3,溜め短縮,2,スタミナ,2,無心,2,,,EX老山龍チケットＳ,1,老山龍の重殻,4,獰猛な重剛爪,2,,
アカムトＸイッケク,0,1,10,1,13,99,0,134,172,4,0,-3,2,-5,聴覚保護,3,炎熱適応,2,剣術,2,鈍器,2,,,覇竜の重殻,4,覇竜の極大牙,3,覇竜の重尾,1,業炎袋,5
アカムトＸイッケタリ,0,2,10,1,13,99,0,80,104,4,0,-3,2,-4,聴覚保護,3,炎熱適応,2,精密射撃,2,貫通弾強化,2,,,覇竜の重殻,4,覇竜の極大牙,3,覇竜の重尾,1,業炎袋,5
アカムトXRイッケク,0,1,10,1,13,99,0,128,166,4,0,-3,2,-5,聴覚保護,8,,,,,,,,,巨竜結晶,1,獰猛な獄炎鱗,2,覇竜の重殻,6,獰猛化素材(Ｇ級pts),8
アカムトXRイッケタリ,0,2,10,1,13,99,0,76,100,4,0,-3,2,-4,聴覚保護,8,,,,,,,,,巨竜結晶,1,獰猛な獄炎鱗,2,覇竜の重殻,6,獰猛化素材(Ｇ級pts),8
ウカムルＸイッケク,0,1,10,1,13,99,0,136,174,-4,0,-3,4,-2,攻撃,4,寒冷適応,2,斬れ味,2,回復量,2,,,崩竜の重殻,4,崩竜の剛穿爪,3,崩竜の上ヒレ,4,瞬間凍結袋,5
ウカムルＸイッケタリ,0,2,10,1,13,99,0,81,105,-4,0,-3,4,-2,攻撃,4,寒冷適応,2,散弾強化,2,回復量,2,,,崩竜の重殻,4,崩竜の剛穿爪,3,崩竜の上ヒレ,4,瞬間凍結袋,5
荒天・真【帯】,0,1,10,0,13,99,0,132,170,-3,4,0,0,-5,本気,4,会心強化,3,回避性能,3,,,,,嵐龍の凄尾,1,嵐龍の飛膜,6,嵐龍の重殻,5,光り輝く体液,3
蒼天・真【帯】,0,2,10,0,13,99,0,79,103,-3,5,0,0,-5,会心強化,3,回避性能,3,本気,3,,,,,嵐龍の凄尾,1,嵐龍の飛膜,6,嵐龍の重殻,5,光り輝く体液,3
荒天戦流【帯】,0,1,10,1,13,99,0,128,166,-3,4,0,0,-5,本気,9,,,,,,,,,嵐龍の凄尾,3,獰猛な特大水袋,2,古龍の浄濃血,1,獰猛化素材(Ｇ級pts),8
蒼天戦流【帯】,0,2,10,1,13,99,0,76,100,-3,5,0,0,-5,本気,9,,,,,,,,,嵐龍の凄尾,3,獰猛な特大水袋,2,古龍の浄濃血,1,獰猛化素材(Ｇ級pts),8
骸装甲・真【腰骨】,0,1,10,2,13,99,0,126,164,-1,-1,-1,-1,-2,底力,2,逆上,2,窮地,2,回復速度,-3,,,重骸体殻,3,発光する濃粘液,1,剛骸棘殻,2,重竜骨,4
屍装甲・真【腰骨】,0,2,10,2,13,99,0,75,99,-1,-1,-1,-1,-1,底力,2,逆上,2,窮地,2,回復速度,-3,,,重骸体殻,3,発光する濃粘液,1,剛骸棘殻,2,重竜骨,4
アスリスタＸコイル,0,1,10,1,13,99,0,132,170,0,2,1,1,-4,チャンス,2,無心,2,ＳＰ延長,2,増幅,2,,,骸龍の鮮青斑皮,4,骸龍の烏賊巨骨,2,発光する濃粘液,1,鎧竜の延髄,2
アスリスタＸコート,0,2,10,1,13,99,0,79,103,0,2,1,1,-3,チャンス,2,無心,2,ＳＰ延長,2,増幅,2,,,骸龍の鮮青斑皮,4,骸龍の烏賊巨骨,2,発光する濃粘液,1,鎧竜の延髄,2
ネセトヒザム,0,1,10,2,13,99,0,134,172,2,-1,-2,0,2,秘術,3,護石強化,2,,,,,,,閣螳螂の美棘,2,閣螳螂の紫藍殻,2,金色の絲,4,冥カイコ,4
ネセトアンカ,0,2,10,2,13,99,0,80,104,3,-1,-2,0,2,秘術,3,護石強化,1,,,,,,,閣螳螂の美棘,2,閣螳螂の紫藍殻,2,金色の絲,4,冥カイコ,4
ドラゴンスパイン,0,1,10,1,13,99,0,134,172,-1,2,2,0,-4,匠,3,斬れ味,3,状態耐性,3,,,,,黒龍の重殻,1,黒龍の厚鱗,3,黒龍の剛翼,2,銀火竜の厚鱗,3
ドラゴンスケイル,0,2,10,1,13,99,0,80,104,-1,3,3,0,-4,通常弾強化,3,貫通弾強化,3,状態耐性,2,,,,,黒龍の重殻,1,黒龍の厚鱗,3,黒龍の剛翼,2,銀火竜の厚鱗,3
エスカドラＸマイト,0,1,10,0,13,99,0,136,174,0,0,0,0,-4,属性耐性,3,属性攻撃,2,属性会心,2,剛撃,2,,,煌黒龍の邪翼,1,煌黒龍の妖尾,1,煌黒龍の天鱗,4,砕竜の尖頭殻,2
エスカドラＸフォルス,0,2,10,0,13,99,0,81,105,0,0,0,0,-4,属性耐性,2,属性攻撃,2,属性会心,2,剛撃,2,,,煌黒龍の邪翼,1,煌黒龍の妖尾,1,煌黒龍の天鱗,4,砕竜の尖頭殻,2
エスカドラXRマイト,0,1,10,1,13,99,0,130,168,0,0,0,0,-4,属性耐性,8,属性会心,1,,,,,,,煌黒龍の妖尾,3,獰猛な蝕龍厚鱗,2,古龍の浄濃血,1,獰猛化素材(Ｇ級pts),8
エスカドラXRフォルス,0,2,10,1,13,99,0,78,102,0,0,0,0,-4,属性耐性,8,属性会心,1,,,,,,,煌黒龍の妖尾,3,獰猛な蝕龍厚鱗,2,古龍の浄濃血,1,獰猛化素材(Ｇ級pts),8
ミラバルスパイン,0,1,10,0,13,99,0,138,176,4,0,1,-2,-4,匠,4,スタミナ,3,怒,2,防御,-3,,,黒龍の紅焔殻,2,黒龍の紅焔鱗,3,黒龍の紅焔翼,3,古龍の浄濃血,1
ミラバルスケイル,0,2,10,1,13,99,0,82,106,5,0,1,-2,-4,通常弾強化,3,スタミナ,3,怒,1,防御,-3,,,黒龍の紅焔殻,2,黒龍の紅焔鱗,3,黒龍の紅焔翼,3,古龍の浄濃血,1
GXミラバルスパイン,0,1,10,1,13,99,0,132,170,4,0,1,-2,-4,属性攻撃,4,根性,3,斬術,2,体術,-2,,,EX黒龍チケット・紅,1,黒龍の紅焔殻,2,獰猛な重竜骨,2,,
GXミラバルスケイル,0,2,10,1,13,99,0,79,103,5,0,1,-2,-4,属性攻撃,4,根性,3,射手,2,体術,-2,,,EX黒龍チケット・紅,1,黒龍の紅焔殻,2,獰猛な重竜骨,2,,
ミラバルXRスパイン,0,1,10,1,13,99,0,134,172,4,0,1,-2,-4,匠,6,根性,3,,,,,,,黒龍の紅焔殻,3,獰猛な重竜骨,3,古龍の浄濃血,3,黒龍(紅)素材(Ｇ級pts),8
ミラバルXRスケイル,0,2,10,1,13,99,0,80,104,5,0,1,-2,-4,変則射撃,6,根性,3,,,,,,,黒龍の紅焔殻,3,獰猛な重竜骨,3,古龍の浄濃血,3,黒龍(紅)素材(Ｇ級pts),8
ミラルーツスパイン,0,1,10,0,13,99,0,136,174,-2,1,4,0,-4,達人,4,体術,3,刀匠,2,運気,-3,,,祖龍の重殻,3,祖龍の厚白鱗,3,祖龍の剛翼,2,古龍の浄濃血,1
ミラルーツスケイル,0,2,10,0,13,99,0,81,105,-2,1,5,0,-4,達人,4,体術,3,射手,2,運気,-3,,,祖龍の重殻,3,祖龍の厚白鱗,3,祖龍の剛翼,2,古龍の浄濃血,1
GXミラルーツスパイン,0,1,10,1,13,99,0,140,178,-2,1,4,0,-4,達人,6,会心強化,2,潔癖,2,運気,-3,,,EX黒龍チケット・白,1,祖龍の重殻,3,祖龍の剛翼,2,,
GXミラルーツスケイル,0,2,10,1,13,99,0,84,108,-2,1,5,0,-4,達人,5,会心強化,2,潔癖,2,運気,-3,,,EX黒龍チケット・白,1,祖龍の重殻,3,祖龍の剛翼,2,,
異形フォールド,0,1,5,0,4,99,0,44,120,1,1,1,1,3,体力,3,笛,2,重撃,2,,,,,異形の骨,1,紫毒姫の甲殻,3,堅牢な骨,3,電気袋,4
異形コート,0,2,5,0,4,99,0,22,60,2,2,2,2,3,体力,3,笛,2,重撃,2,,,,,異形の骨,1,紫毒姫の甲殻,3,堅牢な骨,3,電気袋,4
異形Ｘフォールド,0,1,8,1,11,99,0,110,152,1,1,1,1,3,体力,3,笛,2,重撃,2,剛腕,2,,,異形の重骨,1,青電主の厚鱗,3,重厚な骨,3,雷電袋,4
異形Ｘコート,0,2,8,1,11,99,0,66,93,2,2,2,2,3,体力,3,笛,2,重撃,2,剛腕,2,,,異形の重骨,1,青電主の厚鱗,3,重厚な骨,3,雷電袋,4
LV1 紅兜フォールド,0,1,X,0,2,2,1,26,48,-2,2,1,-1,0,体術,3,防御,2,,,,,,,紅兜狩猟の証１,1,紅兜の毛,3,青熊獣の毛,5,異形の骨,2
LV1 紅兜コート,0,2,X,0,2,2,1,13,24,-2,3,1,-1,0,体術,3,防御,2,,,,,,,紅兜狩猟の証１,1,紅兜の毛,3,青熊獣の毛,5,異形の骨,2
LV6 紅兜フォールド,0,1,X,0,6,2,1,54,126,-2,2,1,-1,0,体術,3,防御,2,紅兜,2,,,,,紅兜狩猟の証６,1,紅兜の毛,2,,,,
LV6 紅兜コート,0,2,X,0,6,2,1,27,76,-2,3,1,-1,0,体術,3,防御,2,紅兜,2,,,,,紅兜狩猟の証６,1,紅兜の毛,2,,,,
LV14 紅兜フォールド,0,1,X,0,12,99,0,140,158,-2,2,1,-1,0,紅兜,2,防御,2,体術,3,真・紅兜,2,,,紅兜狩猟の証14,1,紅兜の重殻,1,紅兜素材(Ｇ級pts),6,,
LV14 紅兜コート,0,2,X,0,12,99,0,84,95,-2,3,1,-1,0,紅兜,2,防御,2,体術,3,真・紅兜,2,,,紅兜狩猟の証14,1,紅兜の重殻,1,紅兜素材(Ｇ級pts),6,,
LV1 大雪主フォールド,0,1,X,0,2,99,0,22,44,-4,3,-2,4,0,回復速度,3,跳躍,2,,,,,,,大雪主狩猟の証１,1,大雪主の毛,2,白兎獣の腹甲,5,異形の骨,2
LV1 大雪主コート,0,2,X,0,2,99,0,11,22,-4,3,-2,5,0,回復速度,3,跳躍,2,,,,,,,大雪主狩猟の証１,1,大雪主の毛,2,白兎獣の腹甲,5,異形の骨,2
LV6 大雪主フォールド,0,1,X,0,6,99,0,50,122,-4,3,-2,4,0,回復速度,3,跳躍,2,大雪主,2,,,,,大雪主狩猟の証６,1,大雪主の腹甲,2,,,,
LV6 大雪主コート,0,2,X,0,6,99,0,25,74,-4,3,-2,5,0,回復速度,3,跳躍,2,大雪主,2,,,,,大雪主狩猟の証６,1,大雪主の腹甲,2,,,,
LV14 大雪主フォールド,0,1,X,0,12,99,0,136,154,-4,3,-2,4,0,大雪主,2,跳躍,2,回復速度,3,真・大雪主,2,,,大雪主狩猟の証14,1,大雪主の重腹甲,2,大雪主素材(Ｇ級pts),6,,
LV14 大雪主コート,0,2,X,0,12,99,0,82,93,-4,3,-2,5,0,大雪主,2,跳躍,2,回復速度,3,真・大雪主,2,,,大雪主狩猟の証14,1,大雪主の重腹甲,2,大雪主素材(Ｇ級pts),6,,
LV1 矛砕フォールド,0,1,X,0,2,99,0,30,52,0,4,-4,0,0,泡沫,2,窮地,2,,,,,,,矛砕狩猟の証１,1,矛砕の甲殻,3,盾蟹の爪,5,竜骨【大】,4
LV1 矛砕コート,0,2,X,0,2,99,0,15,26,0,5,-4,0,0,泡沫,2,窮地,2,,,,,,,矛砕狩猟の証１,1,矛砕の甲殻,3,盾蟹の爪,5,竜骨【大】,4
LV6 矛砕フォールド,0,1,X,0,6,99,0,58,130,0,4,-4,0,0,泡沫,2,窮地,2,矛砕,3,,,,,矛砕狩猟の証６,1,矛砕の爪,2,,,,
LV6 矛砕コート,0,2,X,0,6,99,0,29,78,0,5,-4,0,0,泡沫,2,窮地,2,矛砕,2,,,,,矛砕狩猟の証６,1,矛砕の爪,2,,,,
LV14 矛砕フォールド,0,1,X,0,12,99,0,144,162,0,4,-4,0,0,矛砕,3,窮地,2,泡沫,2,真・矛砕,3,,,矛砕狩猟の証14,1,矛砕の剛爪,2,,,,
LV14 矛砕コート,0,2,X,0,12,99,0,86,97,0,5,-4,0,0,矛砕,2,窮地,2,泡沫,2,真・矛砕,2,,,矛砕狩猟の証14,1,矛砕の剛爪,2,,,,
LV1 紫毒姫フォールド,0,1,X,0,2,99,0,30,52,4,0,-1,0,-3,達人,3,特殊会心,2,,,,,,,紫毒姫狩猟の証１,1,紫毒姫の鱗,2,雌火竜の翼膜,4,異形の骨,2
LV1 紫毒姫コート,0,2,X,0,2,99,0,15,26,4,1,-1,1,-3,達人,3,特殊会心,2,,,,,,,紫毒姫狩猟の証１,1,紫毒姫の鱗,2,雌火竜の翼膜,4,異形の骨,2
LV6 紫毒姫フォールド,0,1,X,0,7,99,0,58,130,4,0,-1,0,-3,達人,3,特殊会心,2,紫毒姫,3,,,,,紫毒姫狩猟の証６,1,紫毒姫の甲殻,2,,,,
LV6 紫毒姫コート,0,2,X,0,7,99,0,29,78,4,1,-1,1,-3,達人,3,特殊会心,2,紫毒姫,2,,,,,紫毒姫狩猟の証６,1,紫毒姫の甲殻,2,,,,
LV14 紫毒姫フォールド,0,1,X,0,12,99,0,144,162,4,0,-1,0,-3,紫毒姫,3,特殊会心,2,達人,3,真・紫毒姫,3,,,紫毒姫狩猟の証14,1,紫毒姫の重殻,2,紫毒姫素材(Ｇ級pts),6,,
LV14 紫毒姫コート,0,2,X,0,12,99,0,86,97,4,1,-1,1,-3,紫毒姫,2,特殊会心,2,達人,3,真・紫毒姫,2,,,紫毒姫狩猟の証14,1,紫毒姫の重殻,2,紫毒姫素材(Ｇ級pts),6,,
LV1 岩穿フォールド,0,1,X,0,4,99,0,52,72,3,-3,-2,0,0,ガード性能,3,痛撃,2,,,,,,,岩穿狩猟の証１,1,岩穿の鱗,3,鬼蛙の上鱗,4,堅牢な骨,4
LV1 岩穿コート,0,2,X,0,4,99,0,26,36,4,-3,-2,1,1,装填速度,3,痛撃,2,,,,,,,岩穿狩猟の証１,1,岩穿の鱗,3,鬼蛙の上鱗,4,堅牢な骨,4
LV6 岩穿フォールド,0,1,X,0,6,99,0,76,126,3,-3,-2,0,0,ガード性能,3,痛撃,2,岩穿,2,,,,,岩穿狩猟の証６,1,岩穿の鱗,2,,,,
LV6 岩穿コート,0,2,X,0,6,99,0,38,76,4,-3,-2,1,1,装填速度,3,痛撃,2,岩穿,2,,,,,岩穿狩猟の証６,1,岩穿の鱗,2,,,,
LV14 岩穿フォールド,0,1,X,0,12,99,0,138,160,3,-3,-2,0,0,岩穿,2,痛撃,2,ガード性能,3,真・岩穿,2,,,岩穿狩猟の証14,1,岩穿の重殻,1,岩穿素材(Ｇ級pts),6,,
LV14 岩穿コート,0,2,X,0,12,99,0,83,96,4,-3,-2,1,1,岩穿,2,痛撃,2,装填速度,3,真・岩穿,2,,,岩穿狩猟の証14,1,岩穿の重殻,1,岩穿素材(Ｇ級pts),6,,
LV1 白疾風フォールド,0,1,X,0,5,2,1,44,64,-2,1,-3,0,0,会心強化,2,回避距離,2,,,,,,,白疾風狩猟の証１,1,白疾風の黒毛,3,迅竜の鋭刃翼,4,迅竜の尻尾,3
LV1 白疾風コート,0,2,X,0,5,2,1,22,32,-2,1,-3,1,1,会心強化,2,回避距離,2,,,,,,,白疾風狩猟の証１,1,白疾風の黒毛,3,迅竜の鋭刃翼,4,迅竜の尻尾,3
LV6 白疾風フォールド,0,1,X,0,7,2,1,68,118,-2,1,-3,0,0,会心強化,2,回避距離,2,白疾風,2,,,,,白疾風狩猟の証６,1,白疾風の黒毛,2,,,,
LV6 白疾風コート,0,2,X,0,7,2,1,34,72,-2,1,-3,1,1,会心強化,2,回避距離,2,白疾風,2,,,,,白疾風狩猟の証６,1,白疾風の黒毛,2,,,,
LV14 白疾風フォールド,0,1,X,0,12,99,0,130,152,-2,1,-3,0,0,白疾風,2,回避距離,2,会心強化,2,真・白疾風,2,,,白疾風狩猟の証14,1,白疾風の豪黒毛,2,白疾風素材(Ｇ級pts),6,,
LV14 白疾風コート,0,2,X,0,12,99,0,79,92,-2,1,-3,1,1,白疾風,2,回避距離,2,会心強化,2,真・白疾風,2,,,白疾風狩猟の証14,1,白疾風の豪黒毛,2,白疾風素材(Ｇ級pts),6,,
LV1 宝纏フォールド,0,1,X,0,5,99,0,70,90,4,-4,1,1,-2,チャンス,3,運気,3,,,,,,,宝纏狩猟の証１,1,宝纏の鱗,3,爆鎚竜の上鱗,5,尖竜骨,4
LV1 宝纏コート,0,2,X,0,5,99,0,35,45,5,-4,1,1,-2,チャンス,3,運気,3,,,,,,,宝纏狩猟の証１,1,宝纏の鱗,3,爆鎚竜の上鱗,5,尖竜骨,4
LV6 宝纏フォールド,0,1,X,0,7,99,0,94,144,4,-4,1,1,-2,チャンス,3,運気,3,宝纏,2,,,,,宝纏狩猟の証６,1,宝纏の宝顎,2,,,,
LV6 宝纏コート,0,2,X,0,7,99,0,47,85,5,-4,1,1,-2,チャンス,3,運気,3,宝纏,2,,,,,宝纏狩猟の証６,1,宝纏の宝顎,2,,,,
LV14 宝纏フォールド,0,1,X,0,13,99,0,156,178,4,-4,1,1,-2,宝纏,2,チャンス,3,運気,3,真・宝纏,2,,,宝纏狩猟の証14,1,宝纏の秘宝顎,1,宝纏素材(Ｇ級pts),6,,
LV14 宝纏コート,0,2,X,0,13,99,0,92,105,5,-4,1,1,-2,宝纏,2,チャンス,3,運気,3,真・宝纏,2,,,宝纏狩猟の証14,1,宝纏の秘宝顎,1,宝纏素材(Ｇ級pts),6,,
LV1 隻眼フォールド,0,1,X,0,5,99,0,66,86,2,-4,2,-2,0,根性,3,連撃,2,,,,,,,隻眼狩猟の証１,1,隻眼の鱗,4,黒狼鳥の尻尾,2,異形の骨,2
LV1 隻眼コート,0,2,X,0,5,99,0,33,43,3,-4,3,-2,0,根性,3,連撃,2,,,,,,,隻眼狩猟の証１,1,隻眼の鱗,4,黒狼鳥の尻尾,2,異形の骨,2
LV6 隻眼フォールド,0,1,X,0,7,99,0,90,140,2,-4,2,-2,0,根性,3,連撃,2,隻眼,2,,,,,隻眼狩猟の証６,1,隻眼の甲殻,2,,,,
LV6 隻眼コート,0,2,X,0,7,99,0,45,83,3,-4,3,-2,0,根性,3,連撃,2,隻眼,2,,,,,隻眼狩猟の証６,1,隻眼の甲殻,2,,,,
LV14 隻眼フォールド,0,1,X,0,13,99,0,152,174,2,-4,2,-2,0,隻眼,2,根性,3,連撃,2,真・隻眼,2,,,隻眼狩猟の証14,1,隻眼の重殻,1,隻眼素材(Ｇ級pts),6,,
LV14 隻眼コート,0,2,X,0,13,99,0,90,103,3,-4,3,-2,0,隻眼,2,根性,3,連撃,2,真・隻眼,2,,,隻眼狩猟の証14,1,隻眼の重殻,1,隻眼素材(Ｇ級pts),6,,
LV1 黒炎王フォールド,0,1,X,0,6,99,0,68,88,5,0,-2,0,-3,聴覚保護,3,痛撃,2,,,,,,,黒炎王狩猟の証１,1,黒炎王の甲殻,3,火竜の尻尾,3,堅竜骨,5
LV1 黒炎王コート,0,2,X,0,6,99,0,34,44,5,1,-2,1,-3,聴覚保護,3,痛撃,2,,,,,,,黒炎王狩猟の証１,1,黒炎王の甲殻,3,火竜の尻尾,3,堅竜骨,5
LV6 黒炎王フォールド,0,1,X,0,7,99,0,92,142,5,0,-2,0,-3,聴覚保護,3,痛撃,2,黒炎王,3,,,,,黒炎王狩猟の証６,1,黒炎王の堅殻,2,,,,
LV6 黒炎王コート,0,2,X,0,7,99,0,46,82,5,1,-2,1,-3,聴覚保護,3,痛撃,2,黒炎王,2,,,,,黒炎王狩猟の証６,1,黒炎王の堅殻,2,,,,
LV14 黒炎王フォールド,0,1,X,0,13,99,0,150,168,5,0,-2,0,-3,黒炎王,3,痛撃,2,聴覚保護,3,真・黒炎王,3,,,黒炎王狩猟の証14,1,黒炎王の重殻,2,黒炎王素材(Ｇ級pts),6,,
LV14 黒炎王コート,0,2,X,0,13,99,0,88,100,5,1,-2,1,-3,黒炎王,2,痛撃,2,聴覚保護,3,真・黒炎王,2,,,黒炎王狩猟の証14,1,黒炎王の重殻,2,黒炎王素材(Ｇ級pts),6,,
LV1 金雷公フォールド,0,1,X,0,6,99,0,68,88,0,0,4,-3,1,狂撃耐性,2,スタミナ,2,,,,,,,金雷公狩猟の証１,1,金雷公の甲殻,3,雷狼竜の尻尾,2,堅竜骨,4
LV1 金雷公コート,0,2,X,0,6,99,0,34,44,0,0,5,-3,1,狂撃耐性,2,スタミナ,2,,,,,,,金雷公狩猟の証１,1,金雷公の甲殻,3,雷狼竜の尻尾,2,堅竜骨,4
LV6 金雷公フォールド,0,1,X,0,7,99,0,92,142,0,0,4,-3,1,狂撃耐性,2,スタミナ,2,金雷公,2,,,,,金雷公狩猟の証６,1,金雷公の甲殻,2,,,,
LV6 金雷公コート,0,2,X,0,7,99,0,46,84,0,0,5,-3,1,狂撃耐性,2,スタミナ,2,金雷公,2,,,,,金雷公狩猟の証６,1,金雷公の甲殻,2,,,,
LV14 金雷公フォールド,0,1,X,0,13,99,0,154,176,0,0,4,-3,1,金雷公,2,スタミナ,2,狂撃耐性,2,真・金雷公,3,,,金雷公狩猟の証14,1,金雷公の雷電毛,1,金雷光素材(Ｇ級pts),6,,
LV14 金雷公コート,0,2,X,0,13,99,0,176,104,0,0,5,-3,1,金雷公,2,スタミナ,2,狂撃耐性,2,真・金雷公,2,,,金雷公狩猟の証14,1,金雷公の雷電毛,1,金雷光素材(Ｇ級pts),6,,
LV1 荒鉤爪フォールド,0,1,X,0,6,99,0,70,90,2,1,-4,1,-2,抜刀会心,2,重撃,2,,,,,,,荒鉤爪狩猟の証１,1,荒鉤爪の甲殻,3,轟竜の尻尾,3,異形の骨,2
LV1 荒鉤爪コート,0,2,X,0,6,99,0,35,45,3,1,-4,1,-2,通常弾強化,2,重撃,2,,,,,,,荒鉤爪狩猟の証１,1,荒鉤爪の甲殻,3,轟竜の尻尾,3,異形の骨,2
LV6 荒鉤爪フォールド,0,1,X,0,7,99,0,94,144,2,1,-4,1,-2,抜刀会心,2,重撃,2,荒鉤爪,2,,,,,荒鉤爪狩猟の証６,1,荒鉤爪の鱗,2,,,,
LV6 荒鉤爪コート,0,2,X,0,7,99,0,47,85,3,1,-4,1,-2,通常弾強化,2,重撃,2,荒鉤爪,2,,,,,荒鉤爪狩猟の証６,1,荒鉤爪の鱗,2,,,,
LV14 荒鉤爪フォールド,0,1,X,0,13,99,0,156,178,2,1,-4,1,-2,荒鉤爪,2,重撃,2,抜刀会心,2,真・荒鉤爪,3,,,荒鉤爪狩猟の証14,1,荒鉤爪の重殻,2,荒鉤爪素材(Ｇ級pts),6,,
LV14 荒鉤爪コート,0,2,X,0,13,99,0,92,105,3,1,-4,1,-2,荒鉤爪,2,重撃,2,通常弾強化,2,真・荒鉤爪,2,,,荒鉤爪狩猟の証14,1,荒鉤爪の重殻,2,荒鉤爪素材(Ｇ級pts),6,,
LV1 燼滅刃フォールド,0,1,X,0,6,99,0,70,90,4,-3,1,-2,0,研磨術,2,加護,2,,,,,,,燼滅刃狩猟の証１,1,燼滅刃の甲殻,2,斬竜の尻尾,2,異形の骨,2
LV1 燼滅刃コート,0,2,X,0,6,99,0,35,45,4,-3,1,-2,0,研磨術,2,加護,2,,,,,,,燼滅刃狩猟の証１,1,燼滅刃の甲殻,2,斬竜の尻尾,2,異形の骨,2
LV6 燼滅刃フォールド,0,1,X,0,7,99,0,94,144,4,-3,1,-2,0,研磨術,2,加護,2,燼滅刃,3,,,,,燼滅刃狩猟の証６,1,燼滅刃の鱗,2,,,,
LV6 燼滅刃コート,0,2,X,0,7,99,0,47,85,4,-3,1,-2,0,研磨術,2,加護,2,燼滅刃,2,,,,,燼滅刃狩猟の証６,1,燼滅刃の鱗,2,,,,
LV14 燼滅刃フォールド,0,1,X,0,13,99,0,156,178,4,-3,1,-2,0,燼滅刃,3,研磨術,2,加護,2,真・燼滅刃,3,,,燼滅刃狩猟の証14,1,燼滅刃の重殻,2,燼滅刃素材(Ｇ級pts),6,,
LV14 燼滅刃コート,0,2,X,0,13,99,0,92,105,4,-3,1,-2,0,燼滅刃,2,研磨術,2,加護,2,真・燼滅刃,2,,,燼滅刃狩猟の証14,1,燼滅刃の重殻,2,燼滅刃素材(Ｇ級pts),6,,
LV1 朧隠フォールド,0,1,X,0,10,99,0,106,126,-2,-3,1,1,1,朧隠,3,気配,2,無心,2,,,,,朧隠狩猟の証１,1,朧隠の特上羽鱗,3,夜鳥の刃尾羽,3,重厚な骨,1
LV1 朧隠コート,0,2,X,0,10,99,0,63,75,-1,-3,1,1,1,朧隠,2,気配,2,無心,2,,,,,朧隠狩猟の証１,1,朧隠の特上羽鱗,3,夜鳥の刃尾羽,3,重厚な骨,1
LV4 朧隠フォールド,0,1,X,0,12,99,0,136,156,-2,-3,1,1,1,朧隠,3,気配,2,無心,2,真・朧隠,3,,,朧隠狩猟の証４,1,朧隠の大翼,1,朧隠素材(Ｇ級pts),6,,
LV4 朧隠コート,0,2,X,0,12,99,0,81,93,-1,-3,1,1,1,朧隠,2,気配,2,無心,2,真・朧隠,2,,,朧隠狩猟の証４,1,朧隠の大翼,1,朧隠素材(Ｇ級pts),6,,
LV1 鎧裂フォールド,0,1,X,0,10,99,0,110,130,1,3,-2,-1,0,鎧裂,3,ガード強化,2,斬れ味,2,,,,,鎧裂狩猟の証１,1,鎧裂の重殻,3,鎌蟹の重脚,4,異形の堅骨,2
LV1 鎧裂コート,0,2,X,0,10,99,0,66,78,2,3,-2,-1,0,鎧裂,2,ガード強化,2,貫通弾強化,2,,,,,鎧裂狩猟の証１,1,鎧裂の重殻,3,鎌蟹の重脚,4,異形の堅骨,2
LV4 鎧裂フォールド,0,1,X,0,12,99,0,140,160,1,3,-2,-1,0,鎧裂,3,ガード強化,2,斬れ味,2,真・鎧裂,3,,,鎧裂狩猟の証４,1,鎧裂の重竜頭殻,1,鎧裂素材(Ｇ級pts),6,,
LV4 鎧裂コート,0,2,X,0,12,99,0,84,96,2,3,-2,-1,0,鎧裂,2,ガード強化,2,貫通弾強化,2,真・鎧裂,2,,,鎧裂狩猟の証４,1,鎧裂の重竜頭殻,1,鎧裂素材(Ｇ級pts),6,,
LV1 天眼フォールド,0,1,X,0,11,99,0,116,140,0,3,-3,1,-2,天眼,3,泡沫,2,回避術,2,,,,,天眼狩猟の証１,1,天眼の厚鱗,3,泡狐竜の紫剛毛,3,強竜骨,1
LV1 天眼コート,0,2,X,0,11,99,0,69,83,0,3,-2,1,-2,天眼,2,泡沫,2,回避術,2,,,,,天眼狩猟の証１,1,天眼の厚鱗,3,泡狐竜の紫剛毛,3,強竜骨,1
LV4 天眼フォールド,0,1,X,0,13,99,0,152,174,0,3,-3,1,-2,天眼,3,泡沫,2,回避術,2,真・天眼,3,,,天眼狩猟の証４,1,天眼の紫剛毛,2,天眼素材(Ｇ級pts),6,,
LV4 天眼コート,0,2,X,0,13,99,0,90,104,0,3,-2,1,-2,天眼,2,泡沫,2,回避術,2,真・天眼,2,,,天眼狩猟の証４,1,天眼の紫剛毛,2,天眼素材(Ｇ級pts),6,,
LV1 青電主フォールド,0,1,X,0,11,99,0,118,142,-1,-1,3,-3,2,青電主,3,連撃,2,跳躍,2,,,,,青電主狩猟の証１,1,青電主の厚鱗,2,電竜の剛翼爪,3,異形の堅骨,2
LV1 青電主コート,0,2,X,0,11,99,0,70,84,-1,-1,4,-3,2,青電主,2,連撃,2,跳躍,2,,,,,青電主狩猟の証１,1,青電主の厚鱗,2,電竜の剛翼爪,3,異形の堅骨,2
LV4 青電主フォールド,0,1,X,0,13,99,0,154,176,-1,-1,3,-3,2,青電主,3,連撃,2,跳躍,2,真・青電主,3,,,青電主狩猟の証４,1,青電主の重棘殻,2,青電主素材(Ｇ級pts),6,,
LV4 青電主コート,0,2,X,0,13,99,0,91,105,-1,-1,4,-3,2,青電主,2,連撃,2,跳躍,2,真・青電主,2,,,青電主狩猟の証４,1,青電主の重棘殻,2,青電主素材(Ｇ級pts),6,,
LV1 銀嶺フォールド,0,1,X,0,11,99,0,122,146,-3,2,-2,3,2,銀嶺,3,溜め短縮,2,気力回復,2,,,,,銀嶺狩猟の証１,1,銀嶺の鼻棘,3,巨獣の赤毛,3,異形の堅骨,2
LV1 銀嶺コート,0,2,X,0,11,99,0,73,87,-3,2,-2,4,2,銀嶺,2,溜め短縮,2,気力回復,2,,,,,銀嶺狩猟の証１,1,銀嶺の鼻棘,3,巨獣の赤毛,3,異形の堅骨,2
LV4 銀嶺フォールド,0,1,X,0,13,99,0,158,180,-3,2,-2,3,2,銀嶺,3,溜め短縮,2,気力回復,2,真・銀嶺,3,,,銀嶺狩猟の証４,1,銀嶺の重殻,2,銀嶺素材(Ｇ級pts),6,,
LV4 銀嶺コート,0,2,X,0,13,99,0,94,108,-3,2,-2,4,2,銀嶺,2,溜め短縮,2,気力回復,2,真・銀嶺,2,,,銀嶺狩猟の証４,1,銀嶺の重殻,2,銀嶺素材(Ｇ級pts),6,,
LV1 鏖魔フォールド,0,1,X,0,13,99,0,122,146,4,-3,-1,-1,-1,鏖魔,3,裏会心,2,逆上,2,,,,,鏖魔狩猟の証１,1,鏖魔の重殻,2,角竜の重尾甲,2,異形の堅骨,2
LV1 鏖魔コート,0,2,X,0,13,99,0,73,87,5,-3,-1,-1,-1,鏖魔,2,裏会心,2,逆上,2,,,,,鏖魔狩猟の証１,1,鏖魔の重殻,2,角竜の重尾甲,2,異形の堅骨,2
LV4 鏖魔フォールド,0,1,X,0,13,99,0,158,180,4,-3,-1,-1,-1,鏖魔,3,裏会心,2,逆上,2,真・鏖魔,3,,,鏖魔狩猟の証４,1,鏖魔の重凄惨な角,1,鏖魔素材(Ｇ級pts),6,,
LV4 鏖魔コート,0,2,X,0,13,99,0,94,108,5,-3,-1,-1,-1,鏖魔,2,裏会心,2,逆上,2,真・鏖魔,2,,,鏖魔狩猟の証４,1,鏖魔の重凄惨な角,1,鏖魔素材(Ｇ級pts),6,,
瑞星【腰当て】,1,1,3,1,2,99,0,24,74,1,1,1,1,1,スタミナ,2,本気,2,気絶,-2,,,,,スタジオパス,1,斬竜の尾刃片,3,斬竜の鱗,4,青熊獣の毛,4
景星【腰当て】,1,2,3,1,2,99,0,12,37,2,2,2,2,2,スタミナ,2,本気,2,気絶,-2,,,,,スタジオパス,1,斬竜の尾刃片,3,斬竜の鱗,4,青熊獣の毛,4
夢見【腰当て】,2,1,3,1,2,99,0,24,74,1,1,1,1,1,本気,3,スタミナ,2,連撃,1,,,,,スタジオパス,1,斬竜の尾刃片,3,斬竜の鱗,4,青熊獣の毛,4
夢語【腰当て】,2,2,3,1,2,99,0,12,37,2,2,2,2,2,本気,3,スタミナ,2,連撃,1,,,,,スタジオパス,1,斬竜の尾刃片,3,斬竜の鱗,4,青熊獣の毛,4
烈火【腰当て】,1,1,3,0,3,99,0,24,74,3,3,3,3,3,溜め短縮,3,斬れ味,2,体術,-2,,,,,スタジオＵパス,1,キリンのたてがみ,4,ブランゴの毛,4,青熊獣の毛,4
活火【腰当て】,1,2,3,0,3,99,0,12,37,3,3,3,3,3,溜め短縮,3,反動,2,体術,-2,,,,,スタジオＵパス,1,キリンのたてがみ,4,ブランゴの毛,4,青熊獣の毛,4
和歌【腰当て】,2,1,3,0,3,99,0,24,74,3,3,3,3,3,溜め短縮,3,斬れ味,2,体術,-2,,,,,スタジオＵパス,1,キリンのたてがみ,4,ブランゴの毛,4,青熊獣の毛,4
和楽【腰当て】,2,2,3,0,3,99,0,12,37,3,3,3,3,3,溜め短縮,3,反動,2,体術,-2,,,,,スタジオＵパス,1,キリンのたてがみ,4,ブランゴの毛,4,青熊獣の毛,4
海賊Ｊコイル,0,1,6,0,6,99,0,52,124,0,0,0,0,0,運気,3,護石王,2,気まぐれ,-2,,,,,海賊Ｊチケット,1,獰猛化溶岩竜鱗,1,溶岩竜の上鱗,5,炎戈竜の尻尾,2
海賊Ｊスカート,0,2,6,0,6,99,0,26,62,0,0,0,0,0,運気,3,護石王,2,気まぐれ,-2,,,,,海賊Ｊチケット,1,獰猛化溶岩竜鱗,1,溶岩竜の上鱗,5,炎戈竜の尻尾,2
大海賊Ｊコイル,0,1,6,3,6,99,0,56,128,-4,-4,-4,-4,-4,運気,3,剥ぎ取り,1,捕獲,1,,,,,海賊Ｊチケット,1,獰猛化溶岩竜鱗,1,溶岩竜の上ヒレ,3,炎戈竜の上皮,4
大海賊Ｊスカート,0,2,6,3,6,99,0,28,64,-3,-3,-3,-3,-3,運気,3,剥ぎ取り,1,捕獲,1,,,,,海賊Ｊチケット,1,獰猛化溶岩竜鱗,1,溶岩竜の上ヒレ,3,炎戈竜の上皮,4
ゾディアスコイル,0,1,7,1,8,99,0,68,140,1,1,1,1,1,回避性能,3,無心,2,跳躍,1,,,,,冥天の星くず,1,獄炎の龍鱗,4,炎王龍の尻尾,2,古龍の浄血,2
ゾディアスコート,0,2,7,1,8,99,0,34,70,2,2,2,2,2,回避性能,3,無心,2,跳躍,1,,,,,冥天の星くず,1,獄炎の龍鱗,4,炎王龍の尻尾,2,古龍の浄血,2
坊屋ベルト,0,1,5,0,5,99,0,50,126,2,2,2,2,2,攻撃,5,気力回復,2,気配,-3,,,,,クローズコイン,1,黒狼鳥の堅殻,3,イーオスの大上皮,5,迅竜の尻尾,2
坊屋バックル,0,2,5,0,5,99,0,25,63,3,3,3,3,3,攻撃,5,気力回復,2,気配,-3,,,,,クローズコイン,1,黒狼鳥の堅殻,3,イーオスの大上皮,5,迅竜の尻尾,2
王者のベルト,0,1,7,0,6,99,0,66,138,4,4,4,4,4,闘魂,3,食事,3,気配,-2,,,,,地下闘技場入場券,1,獰猛化巨獣毛,1,金獅子の尻尾,2,千刃竜の槍尾,3
強者のベルト,0,2,7,0,6,99,0,33,69,5,5,5,5,5,闘魂,3,食事,3,気配,-2,,,,,地下闘技場入場券,1,獰猛化巨獣毛,1,金獅子の尻尾,2,千刃竜の槍尾,3
ライクロリングベルト,0,1,6,1,6,99,0,54,126,0,-1,4,-2,1,気絶,3,聴覚保護,2,回避距離,1,,,,,ユニクロＳコイン,1,電竜の鋭翼爪,3,電竜の鋏尾,2,キリンの雷尾,2
ライクロポーチ,0,2,6,1,6,99,0,27,63,0,-1,5,-2,1,気絶,3,聴覚保護,2,回避距離,1,,,,,ユニクロＳコイン,1,電竜の鋭翼爪,3,電竜の鋏尾,2,キリンの雷尾,2
ブルースターコイル,0,1,6,2,4,99,0,56,128,1,1,1,1,1,耐震,2,体術,2,,,,,,,スタジオＸパス,1,泡狐竜の上鱗,5,昏睡袋,3,砕竜の甲殻,5
ブルースターコート,0,2,6,2,4,99,0,28,64,2,2,2,2,2,体術,2,采配,2,,,,,,,スタジオＸパス,1,泡狐竜の上鱗,5,昏睡袋,3,砕竜の甲殻,5
スターナイトコイル,0,1,6,1,4,99,0,52,124,1,1,1,1,1,広域,3,研磨術,2,跳躍,2,,,,,スタジオＷパス,1,巨獣の剛毛,4,斬竜の鋭牙,3,巨獣の牙,4
スターナイトコート,0,2,6,1,4,99,0,26,62,2,2,2,2,2,広域,3,研磨術,2,跳躍,2,,,,,スタジオＷパス,1,巨獣の剛毛,4,斬竜の鋭牙,3,巨獣の牙,4
スタールークコイル,0,1,7,0,4,99,0,64,136,0,0,0,0,0,ガード性能,3,斬れ味,2,装填数,2,,,,,スタジオＧパス,1,獰猛化電竜鱗,1,斬竜の焔状殻,3,電竜の鋏尾,2
スタールークコート,0,2,7,0,4,99,0,32,68,0,0,0,0,0,精密射撃,3,装填速度,2,装填数,2,,,,,スタジオＧパス,1,獰猛化電竜鱗,1,斬竜の焔状殻,3,電竜の鋏尾,2
瑞星・覇【腰当て】,1,1,7,1,4,99,0,64,136,1,1,1,1,1,スタミナ,2,本気,2,気絶,-2,,,,,スタジオＧパス,1,獰猛化斬竜鱗,1,電竜の鋭翼爪,4,斬竜の尻尾,2
景星・覇【腰当て】,1,2,7,1,4,99,0,32,68,2,2,2,2,2,スタミナ,2,本気,2,気絶,-2,,,,,スタジオＧパス,1,獰猛化斬竜鱗,1,電竜の鋭翼爪,4,斬竜の尻尾,2
夢見・覇【腰当て】,2,1,7,1,4,99,0,64,136,1,1,1,1,1,本気,3,スタミナ,2,連撃,1,,,,,スタジオＧパス,1,獰猛化斬竜鱗,1,電竜の鋭翼爪,4,斬竜の尻尾,2
夢語・覇【腰当て】,2,2,7,1,4,99,0,32,68,2,2,2,2,2,本気,3,スタミナ,2,連撃,1,,,,,スタジオＧパス,1,獰猛化斬竜鱗,1,電竜の鋭翼爪,4,斬竜の尻尾,2
烈火・覇【腰当て】,1,1,7,0,4,99,0,64,136,3,3,3,3,3,溜め短縮,3,斬れ味,2,回避距離,2,,,,,スタジオＯパス,1,天彗龍の尻尾,1,雪獅子の毛,4,青熊獣の剛毛,4
活火・覇【腰当て】,1,2,7,0,4,99,0,35,71,3,3,3,3,3,溜め短縮,3,反動,2,回避距離,2,,,,,スタジオＯパス,1,天彗龍の尻尾,1,雪獅子の毛,4,青熊獣の剛毛,4
和歌・覇【腰当て】,2,1,7,0,4,99,0,64,136,3,3,3,3,3,溜め短縮,3,斬れ味,2,回避距離,2,,,,,スタジオＯパス,1,天彗龍の尻尾,1,雪獅子の毛,4,青熊獣の剛毛,4
和楽・覇【腰当て】,2,2,7,0,4,99,0,35,71,3,3,3,3,3,溜め短縮,3,反動,2,回避距離,2,,,,,スタジオＯパス,1,天彗龍の尻尾,1,雪獅子の毛,4,青熊獣の剛毛,4
勇者のベルト,0,1,7,1,4,99,0,64,136,2,2,2,2,2,剣術,2,無傷,2,効果持続,2,,,,,トライフォース,1,砕竜の堅殻,3,夜鳥の鋭翼爪,3,潜口竜の皮,3
勇者のバンド,0,2,7,1,4,99,0,32,68,3,3,3,3,3,装填数,2,無傷,2,効果持続,2,,,,,トライフォース,1,砕竜の堅殻,3,夜鳥の鋭翼爪,3,潜口竜の皮,3
スターロードコイル,0,1,7,2,8,99,0,62,134,3,0,0,0,3,会心強化,3,狂撃耐性,2,痛撃,1,,,,,封印の盾,1,獰猛化銀火竜鱗,1,骸龍の青斑皮,2,大猪の皮,6
スターロードコート,0,2,7,2,8,99,0,31,67,3,0,0,0,4,会心強化,3,狂撃耐性,2,痛撃,1,,,,,封印の盾,1,獰猛化銀火竜鱗,1,骸龍の青斑皮,2,大猪の皮,6
飛竜ノ帯・天,0,1,7,0,8,99,0,60,132,2,2,2,2,2,回避距離,4,気力回復,2,跳躍,1,,,,,支援機械,1,歴戦の漆黒皮,2,千刃竜の飛刃,3,ドラグライト鉱石,8
飛竜ノ帯・地,0,2,7,0,8,99,0,30,66,2,2,3,2,2,回避距離,4,気力回復,2,跳躍,1,,,,,支援機械,1,歴戦の漆黒皮,2,千刃竜の飛刃,3,ドラグライト鉱石,8
烈火・極【腰当て】,1,1,10,1,13,99,0,124,162,3,3,3,3,3,溜め短縮,3,斬れ味,2,回避距離,2,回避性能,2,,,スタジオＸＸパス,1,嵐龍の凄尾,1,雪獅子の剛毛,4,青熊獣の豪剛毛,4
活火・極【腰当て】,1,2,10,1,13,99,0,74,98,3,3,3,3,3,溜め短縮,3,反動,2,回避距離,2,回避性能,2,,,スタジオＸＸパス,1,嵐龍の凄尾,1,雪獅子の剛毛,4,青熊獣の豪剛毛,4
和歌・極【腰当て】,2,1,10,1,13,99,0,124,162,3,3,3,3,3,溜め短縮,3,斬れ味,2,回避性能,2,回避距離,2,,,スタジオＸＸパス,1,嵐龍の凄尾,1,雪獅子の剛毛,4,青熊獣の豪剛毛,4
和楽・極【腰当て】,2,2,10,1,13,99,0,74,98,3,3,3,3,3,溜め短縮,3,反動,2,回避性能,2,回避距離,2,,,スタジオＸＸパス,1,嵐龍の凄尾,1,雪獅子の剛毛,4,青熊獣の豪剛毛,4
黄金騎士【腰当て】,0,1,10,1,13,99,0,132,170,5,1,1,1,1,会心強化,2,本気,2,無心,2,気配,-2,,,ザルバのかけら,1,雷狼竜の靭尾,2,金火竜の厚鱗,3,閣螳螂の金殻,2
黄金騎士【ベルト】,0,2,10,1,13,99,0,79,103,5,1,1,1,1,会心強化,2,本気,2,無心,2,気配,-2,,,ザルバのかけら,1,雷狼竜の靭尾,2,金火竜の厚鱗,3,閣螳螂の金殻,2
ハイリアのベルト,0,1,10,0,13,99,0,134,172,0,0,0,0,0,職工,3,採取,2,斬術,2,食欲,2,,,ゼルダチケットＧ,1,鋼の厚龍鱗,3,鋼龍の剛翼,1,古龍の浄濃血,2
ハイリアのバンド,0,2,10,0,13,99,0,80,104,0,0,0,0,0,職工,3,採取,2,食欲,2,潔癖,2,,,ゼルダチケットＧ,1,鋼の厚龍鱗,3,鋼龍の剛翼,1,古龍の浄濃血,2
